1 1 0 0 809.5 145.5 64.1 1 8 0 0 0 
1 2 0 0 494 128 66.4 2 8 0 0 0 
1 3 0 0 1094 323 95.9 3 8 0 0 0 
1 4 0 0 1791.5 124 78.7 4 8 0 0 0 
1 5 0 0 1457.5 356 65.3 5 8 0 0 0 
1 6 0 0 1307.5 258.5 104.5 6 8 0 0 0 
1 7 0 0 331.5 220 140.2 7 8 0 0 0 
1 8 0 0 1718.5 388.5 87.9 8 8 0 0 0 
2 1 4.06113e-07 4.06113e-07 809.5 145.5 64.1 1 8 0 7.9841e-05 1.12809e-07 
2 2 0.81 0.81 494 128 66.4 2 8 108 108 0.225 
2 3 1.0623 1.0623 1094 323 95.9 3 8 108 108 0.295082 
2 4 7.46544e-07 7.46544e-07 1791.5 124 78.7 4 8 0 0.000176081 2.07373e-07 
2 5 3.11529e-07 3.11529e-07 1457.5 356 65.3 5 8 0 6.31302e-05 8.65358e-08 
2 6 6.26055e-07 6.26055e-07 1307.5 258.5 104.5 6 8 0 0.000197896 1.73904e-07 
2 7 8.81644e-07 8.81644e-07 331.5 220 140.2 7 8 0 0.000380494 2.44901e-07 
2 8 1.42049e-07 1.42049e-07 1718.5 388.5 87.9 8 8 0 4.04735e-05 3.9458e-08 
3 1 2.03056e-07 0 809.5 145.5 64.1 1 8 0 0 0 
3 2 0.405 0 494 128 66.4 2 8 0 0 0 
3 3 0.531148 0 1094 323 95.9 3 8 0 0 0 
3 4 3.73272e-07 0 1791.5 124 78.7 4 8 0 0 0 
3 5 1.55765e-07 0 1457.5 356 65.3 5 8 0 0 0 
3 6 3.13027e-07 0 1307.5 258.5 104.5 6 8 0 0 0 
3 7 4.40822e-07 0 331.5 220 140.2 7 8 0 0 0 
3 8 7.10244e-08 0 1718.5 388.5 87.9 8 8 0 0 0 
4 1 1.35371e-07 0 809.5 145.5 64.1 1 8 0 0 0 
4 2 0.27 0 494 128 66.4 2 8 0 0 0 
4 3 0.354098 0 1094 323 95.9 3 8 0 0 0 
4 4 2.48848e-07 0 1791.5 124 78.7 4 8 0 0 0 
4 5 1.03843e-07 0 1457.5 356 65.3 5 8 0 0 0 
4 6 2.08685e-07 0 1307.5 258.5 104.5 6 8 0 0 0 
4 7 2.93881e-07 0 331.5 220 140.2 7 8 0 0 0 
4 8 4.73496e-08 0 1718.5 388.5 87.9 8 8 0 0 0 
5 1 1.01528e-07 0 809.5 145.5 64.1 1 8 0 0 0 
5 2 0.2025 0 494 128 66.4 2 8 0 0 0 
5 3 0.265574 0 1094 323 95.9 3 8 0 0 0 
5 4 1.86636e-07 0 1791.5 124 78.7 4 8 0 0 0 
5 5 7.78823e-08 0 1457.5 356 65.3 5 8 0 0 0 
5 6 1.56514e-07 0 1307.5 258.5 104.5 6 8 0 0 0 
5 7 2.20411e-07 0 331.5 220 140.2 7 8 0 0 0 
5 8 3.55122e-08 0 1718.5 388.5 87.9 8 8 0 0 0 
6 1 0.356321 1.7816 811.649 147.29 63 1 8 305.47 328.278 0.49489 
6 2 0.666402 2.52201 496.864 130.148 66.4 2 8 389.4 389.4 0.700558 
6 3 0.878984 3.31986 1096.16 322.642 97.1 3 8 341.526 363.815 0.922185 
6 4 0.218655 1.09328 1790.15 124.716 77.3 4 8 108 188.577 0.303688 
6 5 0.28482 1.4241 1459.54 356.358 64.7 5 8 216 225.108 0.395583 
6 6 0.487016 2.43508 1309.56 258.5 101.8 6 8 216 368.408 0.676411 
6 7 0.0853713 0.426856 331.781 220.358 138.5 7 8 0 182.065 0.118571 
6 8 0.838567 4.19283 1720.26 392.796 96.1 8 8 482.991 1011.49 1.16468 
7 1 0.688325 2.34006 814.796 147.214 63.3 1 8 324 326.545 0.650016 
7 2 0.734861 1.11061 497.756 132.293 65.6 2 8 241.495 253.406 0.308502 
7 3 1.28723 3.30989 1099.03 321.813 97.5 3 8 341.526 344.545 0.919415 
7 4 0.624121 2.65103 1793.06 123.228 77.5 4 8 341.526 341.921 0.736398 
7 5 0.924144 4.14881 1465.41 356.482 63.3 5 8 648 665.895 1.15245 
7 6 0.959347 3.33616 1312.33 258.5 100.8 6 8 324 339.438 0.926712 
7 7 0.926197 5.12371 334.235 221.526 136.4 7 8 341.526 414.141 1.42325 
7 8 1.29489 3.50272 1721 395.039 106.3 8 8 324 1143.57 0.972977 
8 1 1.43854 5.80725 821.346 149.92 65.7 1 8 786.252 825.382 1.61312 
8 2 0.99115 2.67606 500.192 132.349 63.3 2 8 324 414.209 0.74335 
8 3 1.56744 3.24207 1102.75 321.526 97.6 3 8 324 324.155 0.900576 
8 4 0.902046 2.60011 1796.04 123.023 76.7 4 8 324 334.476 0.722252 
8 5 1.27456 3.41746 1470.87 355.842 62.8 5 8 550.694 553.336 0.949295 
8 6 1.78633 6.70515 1318.1 258.159 101.7 6 8 648 655.338 1.86254 
8 7 1.08796 2.22206 335.247 222.965 131.2 7 8 152.735 575.733 0.617238 
8 8 1.955 5.93503 1716.57 397.183 109.6 8 8 482.991 600.69 1.64862 
9 1 1.55772 2.43086 824.349 150.544 65.4 1 8 341.526 342.81 0.67524 
9 2 0.987862 1.06709 501.841 132.343 61.9 2 8 108 178.802 0.296415 
9 3 1.9083 4.31458 1106.66 321.432 97.5 3 8 432 432.288 1.19849 
9 4 1.51201 5.6229 1802.24 120.244 79 4 8 724.486 766.795 1.56192 
9 5 1.93629 6.35746 1479.48 357.289 64.3 5 8 995.711 1010.04 1.76596 
9 6 1.82847 2.23798 1320.77 258.373 100.8 6 8 216 240.775 0.62166 
9 7 1.40418 3.86545 337.25 224.815 124.2 7 8 305.47 823.146 1.07374 
9 8 1.80928 0.719066 1716.83 396.021 111.3 8 8 108 213.253 0.19974 
10 1 1.94897 4.91498 830.687 151.081 66.4 1 8 656.938 665.387 1.36527 
10 2 1.01995 1.46034 501.151 131.318 59.5 2 8 108 282.966 0.405651 
10 3 2.31588 5.4479 1111.28 321.069 98.4 3 8 540 548.425 1.51331 
10 4 1.72553 3.55093 1806.3 119.215 78.2 4 8 445.295 453.327 0.98637 
10 5 2.40809 5.7766 1487.58 358.513 66.1 5 8 870.724 891.592 1.60461 
10 6 2.13501 4.47006 1324.4 258.117 101.6 6 8 432 442.469 1.24168 
10 7 1.47531 2.35766 337.089 226.803 117.3 7 8 216 775.799 0.654906 
10 8 2.30094 6.63215 1712.84 400.515 100.6 8 8 610.94 1308.27 1.84226 
11 1 2.201 4.21848 835.744 153.963 67.4 1 8 581.598 593.062 1.1718 
11 2 1.31524 3.88518 506.835 133.847 60.9 2 8 581.598 600.727 1.07922 
11 3 2.5236 4.40083 1115.41 320.268 98.4 3 8 445.295 445.319 1.22245 
11 4 1.96883 4.36433 1811.6 118.528 77.1 4 8 550.694 563.208 1.21231 
11 5 2.76119 5.73995 1495.11 358.952 66.8 5 8 864 866.806 1.59443 
11 6 2.1565 2.24955 1326.46 258.022 102.2 6 8 216 223.487 0.624874 
11 7 1.33256 0.0376822 337.407 226.911 117.4 7 8 0 13.6928 0.0104673 
11 8 2.60045 5.6197 1709.38 408.647 93.4 8 8 922.752 1208.55 1.56103 
12 1 2.08055 1.68334 836.597 154.986 64.8 1 8 152.735 325.665 0.467594 
12 2 1.54244 3.78276 511.814 134.824 61 2 8 550.694 550.903 1.05077 
12 3 2.58921 3.32191 1118.68 319.984 98.2 3 8 341.526 342.398 0.922754 
12 4 2.02981 2.76612 1814.7 116.962 76.6 4 8 389.4 393.117 0.768367 
12 5 3.23491 6.92255 1504.18 360.45 69.4 5 8 995.711 1036.45 1.92293 
12 6 2.12366 1.4651 1327.92 257.654 103.8 6 8 152.735 231.831 0.406971 
12 7 1.62497 4.49642 340.579 227.235 118.8 7 8 341.526 374.13 1.24901 
12 8 2.52363 1.70784 1709.25 412.695 94.1 8 8 432 438.282 0.474401 
13 1 2.02378 1.71432 838.603 155.664 63.6 1 8 241.495 271.448 0.476199 
13 2 1.66839 3.03626 515.588 135.498 61 2 8 445.295 445.327 0.843406 
13 3 2.75355 4.37213 1122.94 319.557 98.9 3 8 432 439.516 1.21448 
13 4 2.04155 2.73775 1817.14 115.402 74.5 4 8 341.526 410.197 0.760486 
13 5 3.52951 6.13 1512.43 361.328 70.8 5 8 870.724 883.163 1.70278 
13 6 2.5616 6.98491 1333.06 257.855 105.7 6 8 648 678.988 1.94025 
13 7 1.65682 1.76681 341.361 227.327 122 7 8 108 357.188 0.49078 
13 8 2.67378 4.17895 1712.58 416.805 95.6 8 8 540 566.054 1.16082 
14 1 2.23929 4.74417 844.072 157.201 63.9 1 8 683.052 683.576 1.31782 
14 2 1.70734 2.30349 518.728 136.057 60.3 2 8 341.526 350.344 0.639859 
14 3 2.73606 3.30439 1125.5 319.411 96.6 3 8 324 406.616 0.917885 
14 4 2.21968 3.71709 1821.61 113.857 76.8 4 8 482.991 539.066 1.03253 
14 5 3.90617 7.20542 1521.2 363.327 73 5 8 995.711 1023.99 2.0015 
14 6 2.65216 3.51485 1336.28 257.933 106.5 6 8 324 335.276 0.976347 
14 7 1.64699 1.5212 342.51 227.661 122 7 8 108 108.251 0.422557 
14 8 2.6802 3.65622 1713.88 421.571 88.2 8 8 550.694 976.029 1.01562 
15 1 2.22455 2.48765 847.005 159.072 62.7 1 8 389.4 411.265 0.691015 
15 2 1.77745 3.12019 522.313 137.556 58.5 2 8 445.295 486.343 0.86672 
15 3 2.73989 3.18201 1128.85 319.367 95.6 3 8 324 342.268 0.883893 
15 4 2.226 2.56107 1824.24 113.308 76.1 4 8 324 332.362 0.711408 
15 5 4.09461 6.30816 1529.14 364.026 73.4 5 8 870.724 871.992 1.75227 
15 6 2.87977 5.84064 1341.23 257.964 106.5 6 8 540 540.016 1.6224 
15 7 1.74619 3.28378 344.58 229.083 119.5 7 8 305.47 411.941 0.91216 
15 8 2.83729 4.77652 1710.77 429.065 89.2 8 8 922.752 929.479 1.32681 
16 1 2.37564 3.98686 852.795 160.724 63.9 1 8 550.694 566.217 1.10746 
16 2 1.91801 3.72587 527.259 139.08 58.8 2 8 581.598 582.98 1.03496 
16 3 2.75054 3.14538 1131.85 319.363 95.1 3 8 324 329.711 0.873717 
16 4 2.14888 2.39982 1826.2 113.466 72.5 4 8 216 442.894 0.666616 
16 5 4.07967 4.70055 1535.84 363.907 72.4 5 8 656.938 666.158 1.30571 
16 6 2.91921 3.50166 1344.94 257.978 106.4 6 8 324 324.055 0.972684 
16 7 1.74796 2.49464 345.176 230.58 113 7 8 152.735 711.29 0.692957 
16 8 2.77327 1.7297 1711.02 432.879 90.1 8 8 341.526 354.693 0.480473 
17 1 2.50689 4.05214 857.369 162.302 64.8 1 8 581.598 589.307 1.12559 
17 2 2.10116 4.06033 532.469 142.589 60.8 2 8 629.743 663.13 1.12787 
17 3 2.85383 4.20904 1135.95 319.041 95.6 3 8 432 436.036 1.16918 
17 4 2.12401 2.73197 1829.02 113.219 69.7 4 8 324 441.119 0.758879 
17 5 3.98777 3.84688 1540.11 363.503 71 5 8 540 562.228 1.06858 
17 6 3.02246 4.65944 1348.12 257.984 106.3 6 8 432 432.448 1.29429 
17 7 1.72173 1.55288 346.009 230.491 110.8 7 8 108 266.849 0.431357 
17 8 2.82298 3.6181 1708.72 434.512 89.8 8 8 389.4 390.879 1.00503 
18 1 2.47028 2.414 860.608 162.844 63.7 1 8 324 342.452 0.670556 
18 2 2.28559 4.76505 538.615 145.225 61.7 2 8 724.486 731.472 1.32363 
18 3 2.84255 3.14094 1138.59 319.262 94.6 3 8 324 340.666 0.872482 
18 4 2.03405 1.11641 1830.14 113.149 68.2 3 8 108 199.029 0.310113 
18 5 4.0559 5.28349 1547.95 363.665 70.9 4 8 756 756.077 1.46764 
18 6 3.01235 3.48123 1351.14 257.654 104.8 5 8 324 358.72 0.967009 
18 7 1.773 2.07874 347.241 231.392 115.4 6 8 152.735 520.295 0.577428 
18 8 2.84869 4.66846 1705.12 438.627 82.4 7 8 540 962.674 1.29679 
19 1 2.54279 3.94867 865.07 164.985 63.4 1 8 581.598 582.734 1.09685 
19 2 2.6807 7.70966 547.725 150.473 65 2 8 1111.93 1166.8 2.14157 
19 3 2.74644 2.20621 1140.23 319.353 92.4 3 8 216 322.94 0.612837 
19 4 2.17771 4.15113 1835.28 110.885 69.4 3 8 629.743 642.639 1.15309 
19 5 4.18811 6.10147 1555.15 364.708 71.3 4 8 870.724 871.854 1.69485 
19 6 2.89906 1.15322 1352.91 257.533 104.4 5 8 108 116.499 0.320339 
19 7 1.77861 1.60253 348.415 231.707 117.6 6 8 108 258.677 0.445147 
19 8 2.86031 3.70328 1702.64 441.4 78.3 7 8 458.205 635.573 1.02869 
20 1 2.63676 3.50367 869.759 168.39 64.7 1 8 610.94 626.586 0.97324 
20 2 2.7684 3.60567 551.508 154.085 66.1 2 8 610.94 622.645 1.00158 
20 3 2.79476 4.04182 1144.07 319.392 91.7 3 8 432 439.62 1.12273 
20 4 2.11993 0.913114 1836.33 109.699 69.6 3 8 152.735 155.742 0.253643 
20 5 4.23596 4.62783 1561.98 365.412 71.8 4 8 656.938 659.367 1.28551 
20 6 2.92307 3.43008 1355.44 257.489 104.3 5 8 324 324.472 0.952801 
20 7 1.90937 4.71343 351.75 234.447 113.9 6 8 458.205 601.742 1.30929 
20 8 3.1316 8.15493 1710.15 443.655 77.3 7 8 890.591 896.812 2.26526 
21 1 2.63506 2.41821 872.412 167.966 64.9 1 8 341.526 342.392 0.671725 
21 2 2.9925 6.10589 558.844 157.348 67.8 2 8 822.503 843.801 1.69608 
21 3 2.77815 3.01923 1147.53 319.086 90.6 3 8 324 343.296 0.838674 
21 4 2.2294 2.97086 1839.88 107.967 72.5 3 8 389.4 496.261 0.82524 
21 5 4.12769 3.80625 1566.83 365.65 70.3 4 8 540 565.261 1.05729 
21 6 3.13229 5.89908 1360.86 257.475 106.7 5 8 540 598.93 1.63863 
21 7 1.95551 2.89224 353.306 233.821 113.6 6 8 241.495 244.232 0.8034 
21 8 3.11471 2.29774 1710.44 449.888 79.2 7 8 648 679.951 0.638262 
22 1 2.82866 5.12424 878.405 169.747 67.1 1 8 683.052 723.888 1.4234 
22 2 2.98145 2.64494 561.547 159.483 68 2 8 389.4 390.055 0.734705 
22 3 2.78609 3.05188 1150.83 318.975 90.4 3 8 341.526 342.45 0.847744 
22 4 2.17245 0.830527 1840.92 107.342 72.8 3 8 108 112.651 0.230702 
22 5 4.2011 5.94999 1574.13 365.39 70.1 4 8 864 864.239 1.65277 
22 6 3.23023 4.72008 1364.75 257.472 107.5 5 8 432 441.905 1.31113 
22 7 1.88526 0.808314 353.171 234.194 111.7 6 8 108 234.115 0.224532 
22 8 3.10564 2.98201 1708.44 455.454 79.1 7 8 683.052 683.37 0.828337 
23 1 2.80086 2.48845 881.128 170.02 66.8 1 8 341.526 343.288 0.691235 
23 2 2.8284 0.724042 561.476 159.52 66.6 2 8 0 150.169 0.201123 
23 3 2.84367 3.9845 1154.72 318.938 90.4 3 8 432 432.051 1.10681 
23 4 2.1457 1.26903 1841.75 105.821 73.3 3 8 241.495 247.566 0.352508 
23 5 4.19797 4.44672 1580.4 365.271 69.9 4 8 648 648.436 1.2352 
23 6 3.25595 4.67149 1368.51 257.14 106.2 5 8 432 456.536 1.29764 
23 7 1.87031 2.74933 354.748 234.638 104.4 6 8 108 792.266 0.763702 
23 8 3.21103 4.34002 1706 462.997 82.2 7 8 822.503 889.457 1.20556 
24 1 2.96316 5.21263 887.962 173.072 68.5 1 8 724.486 746.886 1.44795 
24 2 2.80918 2.58284 564.934 161.125 66.4 2 8 389.4 390.091 0.717455 
24 3 2.83657 2.98162 1157.04 318.601 89.9 3 8 324 329.381 0.828227 
24 4 2.11321 1.00401 1842.56 104.619 73.9 3 8 152.735 167.335 0.278892 
24 5 4.26188 5.9116 1588.37 365.875 69.7 4 8 864 864.191 1.64211 
24 6 3.20677 3.48832 1371.61 257.35 104.1 5 8 324 391.298 0.968977 
24 7 1.97525 4.11301 357.721 236.069 105.5 6 8 389.4 407.254 1.1425 
24 8 3.2205 3.69661 1702.39 467.711 81.5 7 8 629.743 633.851 1.02683 
25 1 3.03105 4.24071 892.128 174.836 69 1 8 550.694 553.286 1.17798 
25 2 2.90124 4.99967 570.211 161.987 66.5 2 8 648 648.129 1.3888 
25 3 2.87606 3.03389 1160.65 318.151 90.9 3 8 324 340.999 0.842746 
25 4 2.07322 0.931554 1842.94 102.553 74.2 3 8 216 217.579 0.258765 
25 5 4.08759 2.30877 1591.75 365.423 68.1 4 8 324 367.845 0.641324 
25 6 3.18599 3.4011 1374.5 257.431 103.2 5 8 324 339.98 0.944749 
25 7 2.01865 2.72797 359.297 236.285 107 6 8 216 270.214 0.757768 
25 8 3.11753 2.62105 1701.5 471.97 77 7 8 445.295 657.806 0.72807 
26 1 2.96521 1.72118 894.318 175.096 68.7 1 8 241.495 243.529 0.478106 
26 2 2.82527 1.72186 572.45 162.902 65.8 2 8 241.495 254.276 0.478295 
26 3 2.94285 4.09325 1164.67 317.327 91.4 3 8 445.295 449.238 1.13702 
26 4 2.00375 0.517976 1842.56 101.151 73.7 3 8 108 121.266 0.143882 
26 5 4.08666 5.01183 1598.61 365.902 67.4 4 8 756 759.411 1.39218 
26 6 3.27038 4.57113 1378.22 257.135 104.2 5 8 432 445.959 1.26976 
26 7 2.14594 3.682 361.078 238.306 113.7 6 8 305.47 787.851 1.02278 
26 8 3.11185 4.45382 1697.21 475.095 72.9 7 8 610.94 754.717 1.23717 
27 1 2.85954 1.86015 896.574 175.142 67 1 8 216 281.656 0.516707 
27 2 2.71096 1.13203 573.818 163.516 64.5 2 8 152.735 211.456 0.314453 
27 3 3.10072 6.17987 1170.63 316.693 92.5 3 8 656.938 667.798 1.71663 
27 4 1.98068 1.59445 1841.54 98.6942 73.1 3 8 341.526 346.939 0.442904 
27 5 4.08701 4.43412 1604.29 367.39 67.2 4 8 683.052 683.498 1.2317 
27 6 3.24637 3.40266 1381.38 257.355 103.2 5 8 324 341.038 0.945184 
27 7 2.38876 7.52566 366.657 240.723 117.5 6 8 581.598 710.347 2.09046 
27 8 3.16692 5.74472 1691.71 477.471 69.4 7 8 683.052 782.752 1.59575 
28 1 2.85892 4.07988 901.804 175.778 65.7 1 8 540 557.503 1.1333 
28 2 2.6603 2.48227 576.569 164.351 63.3 2 8 341.526 365.574 0.689519 
28 3 3.19676 4.25926 1174.92 315.47 94.2 3 8 445.295 479.784 1.18313 
28 4 1.91989 1.1936 1840.32 98.446 71.4 3 8 108 214.786 0.331554 
28 5 3.88293 2.531 1607.28 368.601 64.6 4 8 341.526 442.435 0.703056 
28 6 3.2785 4.49591 1385.02 257.439 102.8 5 8 432 434.846 1.24886 
28 7 2.53199 4.80272 369.013 241.239 122.2 6 8 341.526 610.806 1.33409 
28 8 3.33943 9.24771 1681.09 486.872 65.1 7 8 1452.99 1524.36 2.56881 
29 1 2.86115 3.27524 905.785 177.946 65.3 1 8 482.991 484.855 0.909789 
29 2 2.80084 5.77252 583.098 168.216 64.3 2 8 870.724 877.382 1.60348 
29 3 3.22034 4.19806 1178.37 314.691 93.8 3 8 445.295 447.391 1.16613 
29 4 1.9066 1.2038 1841.2 96.7724 71.8 3 8 241.495 246.052 0.334389 
29 5 3.95347 5.49733 1615.14 368.394 64.8 4 8 864 864.384 1.52704 
29 6 3.39163 4.64851 1389.54 257.472 105 5 8 432 494.183 1.29125 
29 7 2.48141 1.65333 370.724 242.737 121 6 8 152.735 198.134 0.459259 
29 8 3.42597 5.52338 1675.9 492.682 65.6 7 8 916.41 917.799 1.53427 
30 1 2.81242 2.45553 908.148 178.402 64.3 1 8 341.526 359.264 0.682092 
30 2 2.68452 0.662175 583.516 168.642 63.1 2 8 0 129.449 0.183938 
30 3 3.24469 4.13669 1182.12 314.414 93.6 3 8 432 432.633 1.14908 
30 4 1.9367 1.87117 1843 95.1905 73.2 3 8 241.495 283.555 0.519769 
30 5 4.10909 6.34317 1624.23 368.288 66.1 4 8 972 982.361 1.76199 
30 6 3.41304 3.46829 1392.31 257.486 105.7 5 8 324 332.34 0.963413 
30 7 2.44313 1.61729 369.905 243.25 120.5 6 8 152.735 162.508 0.449248 
30 8 3.72755 12.4818 1661.77 501.254 64.7 7 8 1797.48 1799.94 3.46716 
31 1 2.77236 2.41066 911.066 179.189 63.4 1 8 341.526 353.79 0.669627 
31 2 2.6528 2.53991 586.374 171.051 62.3 2 8 458.205 465.899 0.705531 
31 3 3.26974 3.2104 1185.31 313.996 94.4 3 8 341.526 353.172 0.891778 
31 4 1.88579 0.442868 1843.04 94.3032 72.9 3 8 108 112.662 0.123019 
31 5 4.13183 4.90103 1631.91 368.56 66.1 4 8 756 756.036 1.3614 
31 6 3.32995 2.32765 1394.92 257.159 104.2 5 8 216 267.79 0.646568 
31 7 2.39381 1.66018 370.951 244.401 118.9 6 8 152.735 235.498 0.46116 
31 8 3.94155 14.0634 1644.67 499.981 57.9 7 8 1848.66 1991.25 3.90651 
32 1 2.84779 4.03634 916.831 181.082 64.3 1 8 581.598 588.19 1.1212 
32 2 2.84274 5.89567 593.517 174.861 64.8 2 8 822.503 868.183 1.63769 
32 3 3.32725 5.20539 1190.72 313.856 94.3 3 8 540 540.037 1.44594 
32 4 1.84875 1.32156 1842.15 92.0519 71.6 3 8 241.495 276.725 0.367099 
32 5 4.26463 7.07791 1641.42 368.318 66.7 4 8 1080 1082.27 1.96609 
32 6 3.38826 4.57846 1398.4 257.368 104.9 5 8 432 437.941 1.27179 
32 7 2.40195 1.68716 371.062 244.465 121.5 6 8 108 306.429 0.468655 
32 8 3.91433 3.29727 1640.35 502.594 57 7 8 540 547.553 0.915908 
33 1 3.02755 7.29484 925.008 183.08 65.3 1 8 995.711 1001.87 2.02635 
33 2 2.71523 1.86704 594.733 176.243 62 2 8 241.495 389.332 0.518622 
33 3 3.28587 3.11352 1193.28 313.488 93.3 3 8 324 342.171 0.864867 
33 4 1.90373 2.2955 1844.52 89.6114 73.5 3 8 389.4 436.369 0.637638 
33 5 4.20481 4.21116 1647.01 368.875 65.7 4 8 648 656.785 1.16977 
33 6 3.38177 3.42194 1401.98 257.45 104.7 5 8 324 324.401 0.95054 
33 7 2.3228 2.37566 370.365 244.44 115.3 6 8 108 684.204 0.659905 
33 8 3.87393 3.94012 1636.55 511.024 54.7 7 8 1063.68 1092.66 1.09448 
34 1 3.00074 2.41148 928.527 183.788 65 1 8 324 325.116 0.669856 
34 2 2.74625 3.90933 599.442 178.672 61.8 2 8 581.598 582.172 1.08592 
34 3 3.23345 3.09063 1196.72 313.034 91.9 3 8 324 357.106 0.858507 
34 4 1.8556 0.478104 1844.4 88.7146 72.9 3 8 108 122.919 0.132807 
34 5 4.27261 4.28492 1653.55 368.416 66.8 4 8 648 658.379 1.19026 
34 6 3.37494 3.41386 1404.43 257.481 104.5 5 8 324 324.684 0.948293 
34 7 2.2464 0.998556 370.298 244.093 112.1 6 8 0 345.21 0.277377 
34 8 3.79634 2.05518 1634.85 516.464 53.3 7 8 581.598 601.882 0.570883 
35 1 3.02699 3.37713 932.229 186.976 65.4 1 8 540 541.147 0.938091 
35 2 2.83998 4.77245 605.109 180.52 62.7 2 8 683.052 690.269 1.32568 
35 3 3.24396 3.12657 1199.85 312.547 92.4 3 8 341.526 344.62 0.868492 
35 4 1.92393 2.22646 1846.83 87.7652 75.5 3 8 241.495 372.958 0.61846 
35 5 4.27158 4.93569 1660.65 368.556 66.5 4 8 756 756.898 1.37103 
35 6 3.34379 2.27634 1406.62 257.493 104.6 5 8 216 216.04 0.632317 
35 7 2.2559 4.34977 373.012 245.884 106.9 6 8 341.526 657.833 1.20827 
35 8 4.37277 17.6017 1654.93 526.062 59.6 7 8 2414.95 2510.24 4.88936 
36 1 3.38494 9.16887 942.263 192.429 70 1 8 1259.49 1357.09 2.54691 
36 2 2.84989 3.19594 609.26 182.466 62.6 2 8 482.991 483.158 0.887762 
36 3 3.2693 4.07706 1203.45 312.378 92.4 3 8 432 432.071 1.13252 
36 4 1.89833 0.9966 1847.41 86.8035 75.3 3 8 152.735 155.962 0.276833 
36 5 4.3291 4.98791 1667.39 368.27 67.1 4 8 756 758.867 1.38553 
36 6 3.36283 5.63138 1411.1 257.828 103.1 5 8 540 564.112 1.56427 
36 7 2.35264 4.27797 376.525 245.908 110.7 6 8 324 524.507 1.18832 
36 8 4.60371 6.85216 1661.97 531.683 63.9 7 8 929.051 1036.88 1.90338 
37 1 3.45534 4.45881 947.606 194.093 71.2 1 8 581.598 595.923 1.23856 
37 2 2.85291 3.14811 613.142 183.463 62.3 2 8 445.295 446.09 0.874476 
37 3 3.29696 3.17514 1206.59 311.999 93.4 3 8 341.526 356.269 0.881982 
37 4 1.86873 2.27395 1845.71 84.1981 72.7 3 8 305.47 408.667 0.631652 
37 5 4.38364 5.7136 1675.66 368.152 67.3 4 8 864 864.457 1.58711 
37 6 3.38798 3.40069 1414.09 257.625 103.8 5 8 324 335.121 0.944636 
37 7 2.40179 4.23839 379.036 247.858 110.4 6 8 389.4 390.923 1.17733 
37 8 4.57976 2.22054 1663.19 535.231 65.1 7 8 482.991 501.06 0.616817 
38 1 3.49274 3.56076 951.169 194.627 72.3 1 8 432 446.107 0.989099 
38 2 2.87633 3.17031 617.044 184.759 62.7 2 8 445.295 446.61 0.880643 
38 3 3.24115 3.09581 1209.03 311.872 91.8 3 8 324 363.572 0.859947 
38 4 1.94304 2.92334 1848.24 85.4809 74.8 3 8 341.526 405.055 0.812039 
38 5 4.37392 3.5816 1680.62 368.101 67.5 4 8 540 540.36 0.994889 
38 6 3.38806 3.38998 1417.56 257.546 103.9 5 8 324 324.048 0.941662 
38 7 2.55566 7.45286 384.521 252.176 111.6 6 8 763.675 775.808 2.07024 
38 8 5.19921 25.5686 1636.76 540.039 65.9 7 8 2965.58 2966.86 7.10238 
39 1 3.32167 2.40489 953.279 196.437 69.2 1 8 305.47 450.197 0.668026 
39 2 2.99195 5.71463 624.178 187.488 63.7 2 8 822.503 830.726 1.5874 
39 3 3.25128 4.03898 1213.93 311.835 91.5 3 8 432 433.868 1.12194 
39 4 2.19996 6.68469 1854.77 81.1643 80.6 3 8 778.799 1002.6 1.85686 
39 5 4.31706 4.96295 1687.8 368.739 66.3 4 8 756 767.085 1.3786 
39 6 3.38251 3.38449 1420.63 257.515 103.8 5 8 324 324.308 0.940135 
39 7 2.73423 6.12126 388.682 253.453 117.6 6 8 445.295 787.235 1.70035 
39 8 5.11157 18.7564 1614.41 540.994 56.3 7 8 2376 2595.57 5.21012 
40 1 3.34068 3.4188 957.585 197.385 69.9 1 8 445.295 450.623 0.949667 
40 2 3.15206 6.10255 631.339 192.764 65.8 2 8 929.051 956.277 1.69515 
40 3 3.24296 4.01562 1217.14 311.506 90.6 3 8 432 442.645 1.11545 
40 4 2.14332 1.54361 1853.69 82.5677 78.1 3 8 152.735 314.475 0.428782 
40 5 4.28198 5.59325 1695.88 369.957 65.2 4 8 870.724 878.957 1.55368 
40 6 3.3498 2.38069 1422.89 258.166 103.6 5 8 241.495 242.327 0.661302 
40 7 2.7504 2.99526 390.809 254.886 118.5 6 8 241.495 257.035 0.832017 
40 8 5.06725 9.58699 1602.36 546.394 52.6 7 8 1448.97 1501.88 2.66305 
41 1 3.32388 3.3833 961.717 198.328 69.7 1 8 445.295 445.624 0.939805 
41 2 3.20848 4.24672 636.416 194.66 66.6 2 8 581.598 587.46 1.17965 
41 3 3.25856 3.99641 1221 311.392 90.4 3 8 432 432.33 1.11011 
41 4 2.19822 2.37236 1855.91 79.524 79.3 3 8 389.4 412.466 0.658989 
41 5 4.18722 4.17201 1701.04 370.415 63.7 4 8 656.938 676.922 1.15889 
41 6 3.39939 5.6159 1427.51 258.411 103.4 5 8 540 540.404 1.55997 
41 7 2.75422 2.98214 392.046 255.368 118.5 6 8 241.495 241.554 0.828373 
41 8 5.42681 8.2614 1610.12 562.542 58.1 7 8 1931.96 2020.38 2.29483 
42 1 3.27377 2.74006 964.312 201.621 69 1 8 458.205 464.075 0.761126 
42 2 3.28115 4.3418 641.728 196.949 67.8 2 8 581.598 596.356 1.20605 
42 3 3.3102 4.0536 1225 311.033 91.3 3 8 432 443.258 1.126 
42 4 2.284 3.2834 1858.27 77.4035 80.8 3 8 389.4 420.299 0.912055 
42 5 4.22154 4.10503 1707.1 370.579 64.3 4 8 648 651.146 1.14029 
42 6 3.36707 2.24366 1429.76 258.5 103.3 5 8 216 216.34 0.62324 
42 7 2.74611 2.96492 394.109 256.169 118 6 8 241.495 248.514 0.82359 
42 8 5.60704 6.91089 1617.06 573.696 61.1 7 8 1408.15 1444.51 1.91969 
43 1 3.14141 1.37613 965.063 202.123 67 1 8 152.735 264.099 0.382259 
43 2 3.35663 5.26141 647.819 199.719 68.7 2 8 724.486 731.074 1.4615 
43 3 3.382 4.32361 1229.71 309.917 92.7 3 8 482.991 505.254 1.201 
43 4 2.51284 5.14083 1862.66 74.6818 86.1 3 8 540 792.17 1.42801 
43 5 4.30185 5.56835 1715.18 369.641 65.1 4 8 870.724 874.939 1.54676 
43 6 3.32381 3.3545 1432.37 258.861 101.9 5 8 324 356.783 0.931805 
43 7 2.66947 0.773458 394.856 257.422 116.3 6 8 108 210.297 0.21485 
43 8 5.39943 3.53021 1619.87 585.953 58.9 7 8 1313.88 1333.69 0.980614 
44 1 3.05791 1.1494 966.976 204.231 66.2 1 8 241.495 257.9 0.319278 
44 2 3.27557 2.69883 650.563 201.323 67.3 2 8 389.4 417.939 0.749675 
44 3 3.45991 4.22001 1233.43 309.177 94.4 3 8 432 467.708 1.17223 
44 4 2.72433 5.14005 1866.94 74.0321 90.5 3 8 432 637.702 1.42779 
44 5 4.39259 5.65559 1723.51 368.943 66 4 8 870.724 876.849 1.571 
44 6 3.36745 4.45562 1436.49 258.664 102.5 5 8 432 436.85 1.23767 
44 7 2.63215 1.54551 395.707 258.512 115.6 6 8 152.735 168.018 0.429309 
44 8 5.44916 3.94085 1623.74 591.255 61.2 7 8 778.799 816.574 1.09468 
45 1 3.01554 3.98338 971.228 205.959 64.6 1 8 550.694 575.258 1.10649 
45 2 3.36885 4.43872 655.148 203.503 69.2 2 8 581.598 614.714 1.23298 
45 3 3.49443 4.24772 1237.89 308.25 94.9 3 8 445.295 448.521 1.17992 
45 4 2.83597 2.9105 1868.86 71.8537 92.6 3 8 389.4 449.526 0.808472 
45 5 4.41756 6.9772 1733.06 369.67 65.5 4 8 1085.39 1086.78 1.93811 
45 6 3.33462 3.32406 1439.2 258.915 101.5 5 8 324 342.238 0.923351 
45 7 2.64384 2.90785 397.51 259.212 116.2 6 8 241.495 248.621 0.807736 
45 8 5.40067 21.5086 1595.82 594.247 53.6 7 8 3041.31 3150.33 5.97462 
46 1 2.88376 2.2439 973.513 205.578 61.7 1 8 216 382.451 0.623306 
46 2 3.23532 1.34183 656.998 204.213 67.2 2 8 152.735 257.37 0.372731 
46 3 3.47896 4.21722 1241.38 307.589 94 3 8 445.295 455.494 1.17145 
46 4 3.11596 5.87058 1872.71 72.0818 98.1 3 8 445.295 748.992 1.63072 
46 5 4.31534 4.18769 1739.73 370.598 64 4 8 656.938 676.876 1.16325 
46 6 3.31659 3.37732 1442.6 259.006 100.9 5 8 341.526 347.083 0.938145 
46 7 2.66383 2.88524 399.082 259.097 117.3 6 8 216 248.335 0.801455 
46 8 5.58492 22.5183 1563.98 593.536 49.8 7 8 3457.69 3482.08 6.25508 
47 1 2.86376 2.97657 977.519 206.362 61.1 1 8 445.295 450.33 0.826824 
47 2 3.15775 0.0314556 656.864 204.421 67.2 2 8 0 6.50697 0.00873766 
47 3 3.4818 4.18984 1245.84 306.698 93.6 3 8 445.295 446.895 1.16384 
47 4 3.21192 3.01455 1874.31 70.9097 99.1 3 8 305.47 322.689 0.837374 
47 5 4.29827 4.72568 1746.16 370.287 63.6 4 8 756 757.356 1.31269 
47 6 3.24938 2.21611 1444.39 259.366 99.5 5 8 216 263.195 0.615587 
47 7 2.62188 1.56735 400.997 260.01 116.3 6 8 152.735 187.757 0.435375 
47 8 5.75297 18.2997 1536.93 600.256 47.6 7 8 3012.41 3021.67 5.08325 
48 1 2.88874 2.99739 981.993 207.258 61.6 1 8 445.295 448.859 0.832609 
48 2 3.07599 0.22728 656.149 204.744 66.8 2 8 0 46.6901 0.0631334 
48 3 3.56187 4.31888 1249.94 305.72 95.4 3 8 445.295 485.589 1.19969 
48 4 3.43186 4.77202 1877.04 71.5053 102.9 3 8 341.526 532.111 1.32556 
48 5 4.46158 5.15923 1753.84 368.846 65.9 4 8 786.252 823.964 1.43312 
48 6 3.26947 3.26895 1447.62 259.171 100.2 5 8 324 331.559 0.908042 
48 7 2.57409 1.47304 401.876 260.649 114.8 6 8 108 194.363 0.409178 
48 8 6.05311 5.61 1539.69 619.211 52.6 7 8 2077.42 2146.76 1.55833 
49 1 2.87122 2.97891 985.798 208.53 61 1 8 445.295 449.987 0.827476 
49 2 3.05846 2.48478 659.765 205.794 66.7 2 8 341.526 341.528 0.690217 
49 3 3.62841 6.33972 1255.04 305.375 95.8 3 8 648 649.006 1.76103 
49 5 4.39385 2.78401 1757.07 368.949 65.4 4 8 432 435.345 0.773337 
49 6 3.21793 2.17959 1449.33 259.42 99.2 5 8 216 238.604 0.605442 
49 7 2.51314 1.73513 402.485 261.516 111.9 6 8 152.735 346.21 0.481979 
49 8 6.15845 6.65525 1547.35 630.344 54.7 7 8 1468.96 1485.86 1.84868 
50 1 2.98344 5.35851 992.18 209.296 62.5 1 7 763.675 781.005 1.48848 
50 2 3.0886 1.56058 660.851 208.115 68.3 2 7 341.526 382.423 0.433495 
50 3 3.61281 3.23141 1258.6 304.602 95.6 3 7 341.526 341.786 0.897613 
50 5 4.51573 7.08664 1767.74 367.004 66.4 4 7 1085.39 1091.49 1.96851 
50 6 3.26079 4.34233 1453.09 259.182 99.9 5 7 432 438.322 1.2062 
50 7 2.52995 2.76142 404.747 261.815 112.9 6 7 216 237.31 0.767062 
50 8 6.07947 7.35174 1556.31 644.889 54.1 7 7 1797.48 1798.63 2.04215 
51 1 2.97511 2.29106 995.105 210.191 62.6 1 7 341.526 341.578 0.636405 
51 2 3.14025 5.07565 666.122 209.587 68.7 2 7 656.938 658.441 1.4099 
51 3 3.55444 3.15602 1261.6 304.004 94.3 3 7 324 353.041 0.876672 
51 5 4.575 6.39886 1776.04 366.267 66.8 4 7 977.982 978.705 1.77746 
51 6 3.26423 3.25578 1456.96 259.087 100.1 5 7 324 324.412 0.904383 
51 7 2.53448 3.23541 406.461 264.202 112.2 6 7 389.4 395.655 0.898725 
51 8 5.94995 12.4764 1538.27 652.288 50.7 7 7 2127.35 2158.16 3.46568 
52 1 3.05647 3.959 1000.01 210.485 64.1 1 7 540 563.547 1.09972 
52 2 3.13534 5.04933 672.605 211.405 67.8 2 7 683.052 690.448 1.40259 
52 3 3.51196 4.32821 1265.16 302.809 92.8 3 7 482.991 511.846 1.20228 
52 5 4.60813 4.33525 1782.14 365.668 67.4 4 7 656.938 660.248 1.20424 
52 6 3.30128 5.41674 1461.47 259.048 99.9 5 7 540 540.155 1.50465 
52 7 2.50275 2.84453 408.681 265.068 109.7 6 7 241.495 362.533 0.790148 
52 8 5.86633 24.2717 1497.94 647.721 43.1 7 7 4460.81 4536.48 6.74214 
53 1 3.14981 4.14464 1005.8 212.203 65.8 1 7 581.598 611.456 1.15129 
53 2 3.14584 4.14894 677.067 212.356 67.7 2 7 550.694 550.812 1.15248 
53 3 3.42639 2.1039 1267.62 302.709 91.2 3 7 216 276.809 0.584417 
53 5 4.55243 2.84633 1786.05 365.121 67.1 4 7 432 433.563 0.790647 
53 6 3.30082 3.25049 1464.42 259.032 100 5 7 324 324.009 0.902913 
53 7 2.52078 2.76662 410.896 266.018 110.7 6 7 241.495 263.391 0.768506 
53 8 6.08899 22.1672 1457.53 655.323 41.4 7 7 4405.55 4409.51 6.15755 
54 1 3.10586 3.21032 1009.61 213.131 64.7 1 7 445.295 462.226 0.891755 
54 2 3.06909 3.64709 681.43 216.299 65.6 2 7 610.94 651.291 1.01308 
54 3 3.32031 2.1712 1269.8 302.038 88.8 3 7 216 331.824 0.603112 
54 5 4.51335 0.655346 1786.83 364.598 67.6 4 7 108 122.467 0.182041 
54 6 3.28927 3.24123 1467.85 259.024 99.7 5 7 324 325.388 0.900342 
54 7 2.48689 1.35575 411.166 266.669 109.9 6 7 108 133.831 0.376598 
54 8 6.35175 8.47458 1446.61 678.074 45.1 7 7 2753.47 2782.4 2.35405 
55 1 3.24592 5.93284 1016.63 217.064 66.8 1 7 870.724 900.959 1.64801 
55 2 2.95285 2.81261 684.213 215.754 62.8 2 7 341.526 458.176 0.781281 
55 3 3.36779 4.02447 1273.81 301.802 89.8 3 7 445.295 457.476 1.11791 
55 5 4.41978 7.01561 1796.83 364.747 65.4 4 7 1080 1105.13 1.94878 
55 6 3.281 3.23302 1470.93 259.019 99.5 5 7 324 324.676 0.898062 
55 7 2.42835 2.03336 412.42 268.526 106.6 6 7 241.495 437.681 0.564823 
55 8 6.42016 4.37111 1449.64 695.706 47.1 7 7 1864.37 1877.9 1.2142 
56 1 3.25874 4.83609 1022.35 218.178 66.5 1 7 656.938 658.118 1.34336 
56 2 2.8798 1.70915 686.687 216.468 61.5 2 7 241.495 280.302 0.474764 
56 3 3.36488 3.94375 1277.26 301.409 89.4 3 7 432 434.239 1.09549 
56 5 4.43721 5.53683 1804.72 364.483 65.4 4 7 864 864.012 1.53801 
56 6 3.22166 2.17475 1472.58 259.347 98.2 5 7 216 254.707 0.604098 
56 7 2.48812 2.91195 414.338 268.222 110.2 6 7 216 445.279 0.808875 
56 8 6.19244 5.55642 1441.79 707.232 44.6 7 7 1557.6 1581.44 1.54345 
57 1 3.17698 3.30242 1026.07 218.874 64.5 1 7 432 481.356 0.917339 
57 2 2.93985 6.08227 694.126 219.935 61.6 2 7 922.752 922.815 1.68952 
57 3 3.36128 2.95881 1280.59 301.28 89.4 3 7 324 324.045 0.821892 
57 5 4.28601 4.88017 1811.71 365.055 62.9 4 7 763.675 809.365 1.3556 
57 6 3.20746 3.18186 1475.08 259.469 97.8 5 7 324 327.419 0.88385 
57 7 2.51676 2.97328 416.929 270.041 111.6 6 7 305.47 341.737 0.825912 
57 8 5.95872 11.0007 1421.59 711.58 39.4 7 7 2202.78 2274.08 3.05574 
58 1 3.10976 2.502 1029.14 220.404 63.1 1 7 389.4 415.757 0.695 
58 2 2.92472 1.77713 696.972 222.525 61.7 2 7 389.4 389.604 0.493646 
58 3 3.32572 2.06667 1282.74 300.923 89 3 7 241.495 246.803 0.574074 
58 5 4.14817 3.39995 1816.4 365.924 61 3 7 540 578.574 0.94443 
58 6 3.23532 3.22303 1478.52 259.842 98.7 4 7 324 338.642 0.895286 
58 7 2.54158 2.77166 418.828 270.349 113 5 7 216 266.567 0.769906 
58 8 6.06819 23.1604 1369.38 717.572 34.3 6 7 5653.26 5679.55 6.43345 
59 1 3.09196 2.29136 1032.65 220.614 63 1 7 324 324.25 0.63649 
59 2 3.05257 5.5898 703.224 223.776 63.9 2 7 763.675 799.888 1.55272 
59 3 3.31078 3.91244 1286.93 300.477 88.2 3 7 432 440.695 1.08679 
59 5 4.13797 1.96481 1819.84 365.619 61.4 3 7 324 327.227 0.54578 
59 6 3.24476 3.2187 1481.67 259.981 99 4 7 324 325.928 0.894082 
59 7 2.51137 1.37257 419.65 270.758 112.4 5 7 108 126.303 0.381269 
59 8 6.27948 21.9235 1315.93 727.219 31.7 6 7 5931.16 5938.05 6.08987 
60 1 3.24706 5.78653 1039.14 222.608 65.7 1 7 786.252 837.718 1.60737 
60 2 3.05383 2.35646 706.064 223.831 64.3 2 7 324 327.136 0.654572 
60 3 3.29556 3.92749 1290.02 299.997 87.3 3 7 445.295 454.301 1.09097 
60 5 4.25948 3.57963 1824.47 364.52 63.5 3 7 550.694 593.855 0.99434 
60 6 3.26528 4.35712 1485.34 260.029 99.1 4 7 445.295 445.359 1.21031 
60 7 2.4899 0.633536 419.611 269.224 113.2 5 7 108 134.878 0.175982 
60 8 6.4827 11.0817 1294.13 756.314 35.2 6 7 3866.94 3885.93 3.07825 
61 1 3.23991 2.60033 1042.89 225.318 65.9 1 7 458.205 458.601 0.722315 
61 2 2.99474 1.06798 707.297 225.126 63.7 2 7 241.495 250.209 0.296662 
61 3 3.33811 3.96448 1294.56 300.157 88.1 3 7 445.295 453.378 1.10124 
61 5 4.33843 2.32961 1827.28 363.772 65.2 3 7 341.526 389.01 0.647114 
61 6 3.20825 2.16447 1487.82 260.374 97.9 4 7 216 253.302 0.601241 
61 7 2.48881 2.72519 421.922 269.274 113 5 7 216 216.606 0.756999 
61 8 6.42963 5.26167 1286.47 779.109 34.9 6 7 2629.97 2630.22 1.46157 
62 1 3.36915 5.93864 1049.75 228.926 68 1 7 822.503 854.754 1.64962 
62 2 2.99553 1.86798 709.893 228.198 64.2 2 7 389.4 393.18 0.518883 
62 3 3.5039 6.23832 1300.9 299.253 91.3 3 7 656.938 743.547 1.73287 
62 5 4.23335 1.45581 1825.77 363.835 64.2 3 7 216 240.173 0.404391 
62 6 3.21326 4.2243 1491.33 260.5 97.5 4 7 432 433.978 1.17342 
62 7 2.49549 2.96814 423.415 271.262 113 5 7 305.47 305.482 0.824483 
62 8 6.38982 5.3168 1276.67 797.608 34.9 6 7 2223.86 2223.86 1.47689 
63 1 3.37443 4.45204 1054.27 233.579 67.9 1 8 763.675 763.856 1.23668 
63 2 2.96577 3.26467 713.979 231.621 63.3 2 8 540 548.203 0.906851 
63 3 3.57432 4.21224 1304.67 298.262 92.9 3 8 445.295 475.394 1.17007 
63 5 4.18929 0.687005 1826.55 363.865 64.3 3 8 108 108.965 0.190835 
63 6 3.19738 2.11232 1493.98 260.543 97.5 4 8 216 216.018 0.586756 
63 7 2.43093 1.82582 424.395 272.318 109.5 5 8 152.735 404.409 0.507172 
63 8 6.47461 21.4891 1219.58 804.551 29.3 6 8 6202.25 6230.94 5.96921 
64 1 3.32899 2.46785 1057.73 234.881 67.3 1 8 341.526 347.87 0.685514 
64 2 2.95695 2.39777 716.474 233.831 63.3 2 8 389.4 389.402 0.666047 
64 3 3.59837 4.19009 1308.45 297.247 93.3 3 8 445.295 447.409 1.16391 
64 5 4.16013 0.890249 1827.09 364.214 64.6 3 8 152.735 155.012 0.247291 
64 6 3.20653 3.17946 1496.35 260.555 97.8 4 8 324 325.1 0.883184 
64 7 2.4185 3.98979 427.396 273.674 107.1 5 8 341.526 431.8 1.10828 
64 8 6.6852 19.624 1160.13 808.894 26.9 6 8 6386.63 6391.95 5.4511 
65 1 3.32325 3.29911 1061.67 236.288 67.3 1 7 482.991 482.992 0.91642 
65 2 3.12669 6.04708 723.761 237.567 66.5 2 7 870.724 935.423 1.67975 
65 3 3.56525 3.15649 1311.8 296.556 92.6 3 7 341.526 350.602 0.876804 
65 5 4.38715 4.10031 1832.11 363.041 68.2 3 7 550.694 672.614 1.13897 
65 6 3.14224 3.20769 1499.05 260.555 95.7 4 7 324 396.054 0.891025 
65 7 2.53059 7.03949 432.763 277.107 109.6 5 7 691.537 744.695 1.95541 
65 8 6.92083 20.8475 1094.28 818.928 25.8 6 7 7209.35 7210.35 5.79098 
66 1 3.33547 4.04383 1066.37 237.733 67.4 1 8 550.694 550.969 1.12329 
66 2 3.11883 2.62913 726.194 240.573 66.6 2 8 458.205 458.227 0.730314 
66 3 3.55185 4.13409 1316 295.657 92 3 8 445.295 449.235 1.14836 
66 5 4.45322 1.77683 1834.07 362.93 69.7 3 8 241.495 294.774 0.493564 
66 6 3.15838 3.13363 1502.76 260.225 96.1 4 8 324 328.179 0.870454 
66 7 2.59442 5.38716 436.154 278.396 110.8 5 8 445.295 462.641 1.49643 
66 8 6.98167 9.73796 1073.47 854.057 28.7 6 8 4501.15 4512.03 2.70499 
67 1 3.3088 1.64992 1068.57 238.197 67.4 1 8 241.495 241.519 0.458311 
67 2 3.07148 0.890809 727.903 241.932 66.2 2 8 152.735 157.118 0.247447 
67 3 3.46322 5.11878 1320.71 294.35 89 3 8 550.694 640.913 1.42188 
67 5 4.52727 1.7378 1836.18 362.897 71.4 3 8 216 281.922 0.482722 
67 6 3.1894 4.19555 1506.87 260.752 96.6 4 8 432 434.518 1.16543 
67 7 2.62306 2.81171 438.45 279.169 112.3 5 8 241.495 291.479 0.78103 
67 8 6.99587 8.64679 1050.41 877.978 28.8 6 8 3512.91 3512.92 2.40189 
68 1 3.36436 7.24445 1077.12 239.298 67.5 1 8 977.982 978.019 2.01235 
68 2 3.00642 4.05873 732.683 242.027 64.2 2 8 550.694 592.405 1.12743 
68 3 3.41079 2.07479 1322.56 293.877 88.1 3 8 241.495 260.092 0.576329 
68 5 4.67582 2.14259 1838.81 361.237 74.2 3 8 241.495 383.364 0.595164 
68 6 3.17395 4.16712 1510.86 260.62 95.6 4 8 432 444.745 1.15753 
68 7 2.6588 2.81634 440.454 279.748 114.2 5 8 216 296.71 0.782317 
68 8 7.13253 16.9149 996.652 881.933 24.1 6 8 5847.98 5869.94 4.69859 
69 1 3.33457 3.21816 1081.42 240.642 67 1 8 445.295 448.864 0.893934 
69 2 3.01919 3.94285 737.239 244.625 64.2 2 8 581.598 581.603 1.09524 
69 3 3.32174 0.60277 1322.36 293.723 86.6 3 8 0 156.75 0.167436 
69 5 4.83486 3.54501 1842.14 361.618 76.8 3 8 432 519.825 0.984724 
69 6 3.15482 2.07433 1512.43 260.567 95.5 4 8 216 216.547 0.576202 
69 7 2.7223 2.01096 441.135 280.254 118.4 5 8 152.735 483.588 0.5586 
69 8 7.50267 23.1432 907.071 894.524 21.6 6 8 9714 9717.76 6.42867 
70 1 3.34192 2.44894 1084.34 241.747 67.5 1 8 341.526 346.34 0.680262 
70 2 2.98927 1.59105 739.204 245.211 63.9 2 8 241.495 243.261 0.441958 
70 3 3.21877 1.08942 1322.3 294.011 84.4 3 8 108 260.503 0.302617 
70 5 5.02703 3.04885 1845 360.776 80.1 3 8 341.526 492.671 0.846904 
70 6 3.20751 4.21972 1516.31 260.873 96.6 4 8 432 449.696 1.17214 
70 7 2.68063 1.58848 442.111 281.069 117.1 5 8 152.735 208.511 0.441244 
70 8 7.78503 18.3065 831.466 906.133 20.1 5 8 8309.69 8311.15 5.08515 
70 10 0 0 1597.84 34.8 108.8 6 8 0 0 0 
71 1 3.2791 4.14659 1089.63 244.094 65.9 1 8 629.743 653.417 1.15183 
71 2 3.0459 3.2611 743.579 246.679 65.2 2 8 445.295 467.863 0.905862 
71 3 3.17293 1.12885 1323.7 293.816 83.7 3 8 152.735 172.32 0.313569 
71 5 4.98513 0.0445473 1845.8 360.14 80.2 3 8 0 10.8449 0.0123743 
71 6 3.26445 3.26701 1519.79 260.656 98.4 4 8 324 374.804 0.907502 
71 7 2.67286 1.55489 441.473 280.34 117.7 5 8 152.735 165.696 0.431915 
71 8 7.6857 12.2812 790.781 937.525 22.7 5 8 5551.24 5558.23 3.41143 
71 10 5.31745 5.31745 1601.26 34.9609 107.9 5 8 432 441.093 1.47707 
72 1 3.18378 2.52923 1092.38 244.26 64 1 8 324 387.588 0.702564 
72 2 2.97968 1.72948 745.58 245.491 64 2 8 241.495 276.239 0.48041 
72 3 3.1697 2.81386 1326.9 293.436 83.4 3 8 324 325.135 0.781629 
72 5 5.09609 2.82818 1848.68 360.574 82.1 3 8 324 381.766 0.785607 
72 6 3.24207 2.13516 1521.09 260.239 98.1 4 8 216 217.907 0.5931 
72 7 2.57791 1.44485 441.91 280.694 113.1 5 8 0 496.426 0.401348 
72 8 7.63081 6.32332 772.447 956.883 24.5 5 8 2826.63 2833.02 1.75648 
72 10 3.42324 1.74119 1601.15 36.1971 103.8 5 8 216 493.912 0.483663 
73 1 3.25145 3.94947 1097.22 245.253 65.2 1 8 550.694 567.363 1.09708 
73 2 2.96899 2.35069 748.038 244.681 63.9 2 8 341.526 341.617 0.652969 
73 3 3.27238 6.72233 1333.13 292.982 84.7 3 8 763.675 775.385 1.86732 
73 5 5.72868 8.88305 1856.54 361.413 91.3 3 8 870.724 1324.76 2.46751 
73 6 3.23884 3.19704 1524.78 260.082 98 4 8 324 324.195 0.888066 
73 7 2.56611 1.3691 442.837 280.154 113.5 5 8 108 116.387 0.380305 
73 8 7.71656 14.8546 716.595 953.978 23.1 5 8 6056.67 6058.6 4.12627 
73 10 3.55386 4.01761 1598.47 37.6876 99.3 5 8 341.526 596.268 1.116 
74 1 3.21011 4.61722 1103.04 245.232 63.8 1 8 648 665.526 1.28256 
74 2 2.94794 0.847883 749.13 243.654 64 2 8 152.735 153.373 0.235523 
74 3 3.26911 2.86738 1336.3 292.826 84.4 3 8 324 325.096 0.796493 
74 5 5.83251 1.29705 1857.71 361.76 93.4 3 8 108 242.103 0.360292 
74 6 3.22531 5.27879 1529.21 260.353 96.7 4 8 540 558.119 1.46633 
74 7 2.58638 2.77527 444.83 280.903 114.7 5 8 216 250.167 0.770907 
74 8 7.8959 21.462 631.572 953.328 22.4 5 8 9180 9180.29 5.96166 
74 10 3.14591 2.24239 1599.17 39.2262 94.8 5 8 241.495 539.336 0.622887 
75 1 3.24681 2.48215 1106.47 247.806 64.8 1 8 389.4 405.08 0.689486 
75 2 3.19061 6.54373 756.495 247.507 69 2 8 870.724 1021.68 1.8177 
75 3 3.22774 2.89425 1339.18 292.456 83.1 3 8 324 356.347 0.803959 
75 5 5.03547 13.1064 1846.11 351.899 77.3 3 8 1605.54 2360.2 3.64068 
75 6 3.18821 4.17922 1533.37 260.784 95.1 4 8 432 464.314 1.16089 
75 7 2.66735 5.93728 448.898 283.488 116.8 5 8 540 584.316 1.64925 
75 8 8.03968 19.5754 551.752 954.836 21.9 5 8 8640.67 8640.85 5.43762 
75 10 2.7583 1.34099 1598.3 39.7376 92.9 5 8 108 231.378 0.372497 
76 1 3.29846 3.27953 1110.47 249.401 66 1 7 482.991 499.229 0.91098 
76 2 3.29378 3.69039 760.091 248.589 71.4 2 7 445.295 518.463 1.02511 
76 3 3.22835 2.88337 1342.56 291.36 82.8 3 7 341.526 342.764 0.800937 
76 6 3.17258 3.09379 1536.23 260.947 94.6 4 7 324 327.986 0.859386 
76 7 2.72418 5.79043 452.385 285.764 117.6 5 7 482.991 491.304 1.60845 
76 8 8.13839 17.7069 482.846 963.895 23 5 7 7515.12 7516.11 4.91858 
76 10 2.53008 1.5778 1597.14 40.5537 90.3 5 7 152.735 323.72 0.438277 
77 1 3.30082 3.16283 1114.68 250.94 66.1 1 7 445.295 445.383 0.878565 
77 2 3.3469 5.30736 766.446 250.288 72.2 2 7 683.052 687.771 1.47427 
77 3 3.29149 4.8316 1347.24 290.302 83.5 3 7 550.694 556.454 1.34211 
77 6 3.15254 2.17175 1538.47 261.006 94.4 4 7 241.495 242.601 0.603263 
77 7 2.83995 2.44368 453.942 285.581 124.4 5 7 108 738.184 0.678801 
77 8 8.28942 15.9935 425.42 976.295 24.9 5 7 6314.08 6317.47 4.44264 
77 10 2.62329 3.36027 1600 41.1538 87.8 5 7 341.526 434.194 0.933409 
78 1 3.33612 4.86214 1120.44 253.12 66.5 1 9 724.486 725.542 1.35059 
78 2 3.47953 4.75504 771.096 251.531 75.1 2 9 550.694 634.896 1.32084 
78 3 3.60075 8.76283 1355.99 287.636 89.6 3 9 922.752 1133.47 2.43412 
78 6 3.09477 1.08566 1539.91 261.355 93.4 4 9 108 152.941 0.301571 
78 7 2.76098 2.27685 454.766 287.833 120.2 5 9 241.495 507.526 0.632459 
78 8 8.57915 15.5088 375.59 984.347 27.6 5 9 5468.68 5476.37 4.30799 
78 10 2.66896 3.20322 1597.31 41.6743 85.7 5 9 324 395.786 0.889782 
79 1 3.37318 4.82604 1126.74 255.542 66.9 1 10 683.052 684.767 1.34057 
79 2 3.61065 5.9687 777.881 255.336 77.8 2 10 778.799 831.01 1.65797 
79 3 3.8721 9.10373 1363.48 284.621 94.6 3 10 922.752 1067.7 2.52882 
79 6 3.1681 4.20524 1543.15 261.485 95.3 4 10 432 476.302 1.16812 
79 7 2.83803 3.44181 456.293 289.276 124.1 5 10 305.47 519.923 0.956058 
79 8 8.94293 31.6876 272.27 988.962 28.3 5 10 11132.4 11132.6 8.80211 
79 10 3.02023 6.07237 1591.29 42.1672 83.9 5 10 656.938 686.317 1.68677 
80 1 3.49645 8.27385 1136.31 259.048 68.4 1 9 1163.2 1174.62 2.29829 
80 2 3.7223 5.95517 783.136 258.705 79.9 2 9 724.486 758.619 1.65421 
80 3 4.0608 8.10618 1370.95 282.533 97.9 3 9 786.252 860.965 2.25172 
80 6 3.20083 3.2419 1546.4 260.867 96.2 4 9 341.526 356.841 0.900527 
80 7 2.72409 5.0654 453.231 291.119 115.7 5 9 389.4 990.567 1.40705 
80 8 10.0944 26.1543 205.435 1003.26 34.3 5 9 7415.13 7443.05 7.26509 
80 10 2.98239 3.30811 1588.36 43.6388 80.3 5 9 341.526 517.121 0.918921 
81 1 3.65626 6.87439 1144.58 260.29 71.2 1 9 870.724 922.273 1.90955 
81 2 3.69059 9.47736 793.077 262.576 77.7 2 9 1163.2 1187.47 2.6326 
81 3 4.07338 4.5779 1374.89 281.806 97.7 3 9 445.295 445.51 1.27164 
81 6 3.16848 2.09616 1548.87 260.964 95.6 4 9 216 226.472 0.582267 
81 7 2.7923 5.68931 457.159 291.773 117.5 5 9 432 473.096 1.58036 
81 8 12.439 43.9103 116.632 1016.35 43.8 5 9 9714 9768.37 12.1973 
81 10 2.80265 1.49818 1587.99 44.4997 77.9 5 9 152.735 300.594 0.41616 
81 13 0 0 642.855 33.8 112.7 6 9 0 0 0 
81 5 5.33716 2.53875 1853.82 326.466 85.5 6 9 467.307 490.129 0.70521 
82 1 3.674 3.39452 1148.16 260.657 71.9 1 9 432 438.356 0.942921 
82 2 3.57616 2.20818 795.854 264.569 75.6 2 9 305.47 379.776 0.613383 
82 3 4.13802 4.66616 1378.35 280.578 98.9 3 9 445.295 464.537 1.29616 
82 6 3.22289 5.26659 1553.71 260.67 96.5 4 9 540 548.458 1.46294 
82 7 2.80596 2.92171 459.289 292.626 118.2 5 9 241.495 252.734 0.811587 
82 8 15.3606 47.737 38.9025 1026.95 54.3 5 9 8492.95 8568.57 13.2603 
82 10 2.7389 2.70543 1585.39 46.4266 74 5 9 305.47 522.207 0.751508 
82 13 2.91343 2.91343 644.445 34.7178 109.8 5 9 241.495 389.254 0.809285 
82 5 4.5325 14.7828 1838.16 328.023 68.7 5 9 1634.34 2442.66 4.10633 
83 1 3.73965 6.05102 1155.29 262.419 73 1 8 786.252 795.138 1.68084 
83 2 3.40018 2.58696 797.597 265.896 71.8 2 8 241.495 478.469 0.718599 
83 3 4.12928 3.50301 1381.17 279.162 98.7 3 8 341.526 342.286 0.973059 
83 6 3.20917 4.18125 1557.34 260.888 95.7 4 8 432 440.586 1.16146 
83 7 2.68369 2.10582 459.288 292.244 111.6 5 8 0 714.764 0.584951 
83 10 2.65631 1.94972 1583.85 47.1435 72.2 5 8 241.495 306.993 0.541589 
83 13 2.18707 1.47561 645.853 35.0326 109 5 8 152.735 175.036 0.409892 
83 5 4.12201 10.6622 1825.91 327.93 59.2 5 8 1408.15 1746.82 2.96173 
84 1 3.65082 1.83595 1157.26 263.332 71.8 1 8 241.495 277.816 0.509986 
84 2 3.57404 5.70592 803.064 267.317 75.4 2 8 683.052 789.394 1.58498 
84 3 4.1303 3.50954 1384.87 278.011 98.8 3 8 341.526 341.645 0.974873 
84 6 3.20464 3.12487 1560.03 260.969 95.6 4 8 324 324.36 0.86802 
84 7 2.726 2.84275 461.26 292.089 113.9 5 8 216 329.321 0.789652 
84 10 2.52849 1.11342 1582.18 47.7092 70.7 5 8 108 191.484 0.309284 
84 13 3.35287 5.95436 641.023 38.071 100.8 5 8 540 1043.68 1.65399 
84 5 4.00315 2.67578 1822.09 330.626 56.8 5 8 458.205 525.449 0.743272 
85 1 3.54282 8.18265 1167.76 265.955 68.4 1 8 1101.39 1158.4 2.27296 
85 2 3.49784 3.79411 807.063 270.439 73.6 2 8 540 573.757 1.05392 
85 3 4.10699 4.62863 1388.97 277.289 98 3 8 445.295 453.938 1.28573 
85 6 3.19129 2.08297 1562.93 260.999 95.5 4 8 216 216.008 0.578602 
85 7 2.74262 1.58936 460.308 293.293 115.4 5 8 152.735 224.177 0.441489 
85 10 2.49614 2.51598 1581.31 50.1628 66.8 5 8 341.526 543.638 0.698883 
85 13 3.47924 4.17608 638.586 40.4515 95.4 5 8 389.4 700.275 1.16002 
85 5 3.83704 5.14414 1815.8 331.898 52.8 5 8 763.675 878.12 1.42893 
86 1 3.51919 4.0256 1172.19 267.54 67.9 1 8 581.598 584.079 1.11822 
86 2 3.39188 3.60836 811.016 270.855 71.1 2 8 432 512.869 1.00232 
86 3 4.14233 4.65922 1392.94 276.069 98.7 3 8 445.295 451.203 1.29423 
86 6 3.19595 3.2065 1565.98 261.01 95.6 4 8 341.526 341.74 0.890693 
86 7 2.91172 6.3165 464.999 294.047 122.5 5 8 445.295 885.826 1.75458 
86 10 2.49717 2.69285 1584.31 51.7211 64.2 5 8 341.526 440.31 0.748013 
86 13 3.0709 1.65239 637.141 41.9626 92.5 5 8 152.735 348.759 0.458997 
86 5 3.79165 0.79811 1814.9 330.289 52.2 5 8 152.735 166.26 0.221697 
87 1 3.63753 3.63628 1176.78 269.727 70.6 1 8 482.991 563.474 1.01008 
87 2 3.41719 2.70613 814.22 272.914 71.9 2 8 389.4 400.017 0.751703 
87 3 4.17769 5.90287 1397.65 274.327 99 3 8 581.598 582.682 1.63969 
87 6 3.20252 3.13717 1568.44 261.012 95.8 4 8 324 324.64 0.871436 
87 7 2.95508 1.80806 465.432 295.299 125.1 5 8 152.735 319.677 0.502238 
87 10 2.53629 3.29269 1588.18 53.2602 61.7 5 8 482.991 553.152 0.914635 
87 13 2.9649 2.60054 635.871 43.47 90 5 8 305.47 405.648 0.722372 
87 5 3.91279 3.9736 1819.3 324.042 54.4 5 8 843.507 878.304 1.10378 
88 1 3.5836 2.48142 1179.47 270.129 69.9 1 8 341.526 350.4 0.689284 
88 2 3.60948 3.52248 817.409 273.947 76.6 2 8 341.526 612.78 0.978466 
88 3 4.19594 4.68541 1401.37 273.052 99.3 3 8 445.295 446.097 1.3015 
88 6 3.21597 4.18483 1572.54 261.012 95.9 4 8 432 432.044 1.16245 
88 7 3.04632 2.42505 466.231 297.063 129.8 5 8 241.495 563.283 0.673625 
88 10 2.44593 0.99776 1588.51 54.148 60.2 5 8 108 200.168 0.277156 
88 13 3.66409 7.8859 642.255 43.9929 89.5 5 8 756 758.202 2.19053 
88 5 3.79482 3.00359 1815.03 325.086 52 5 8 445.295 516.457 0.834329 
89 1 3.65871 2.70398 1182.67 271.229 71.9 1 8 341.526 402.332 0.751106 
89 2 3.75451 2.6229 819.896 274.224 80.6 2 8 241.495 489.469 0.728584 
89 3 4.20103 2.59459 1403.55 271.294 99.7 3 8 305.47 308.971 0.720719 
89 6 3.24507 2.27888 1574.74 260.681 97.1 4 8 241.495 275.3 0.633021 
89 7 3.0116 3.2605 468.586 298.689 127.4 5 8 241.495 348.661 0.905695 
89 10 2.61239 5.57758 1580.72 56.0632 57.9 5 8 890.591 923.338 1.54933 
89 13 3.6167 3.40312 645.701 44.7852 88.5 5 8 341.526 357.361 0.94531 
89 5 3.85831 2.45454 1818.1 321.713 53.5 5 8 540 564.717 0.681818 
90 1 3.64632 3.29857 1186 271.901 71.8 1 8 432 432.042 0.916268 
90 2 3.84317 3.11683 822.663 274.929 83.1 2 8 324 420.727 0.865785 
90 3 4.07255 1.57356 1404.7 270.346 97.1 3 8 152.735 314.136 0.4371 
90 6 3.23634 4.21823 1578.08 260.887 96.5 4 8 432 437.337 1.17173 
90 7 3.08591 5.01794 471.859 300.576 129.9 5 8 389.4 470.779 1.39387 
90 10 2.71428 4.69295 1573.37 57.7344 56.1 5 8 763.675 787.71 1.3036 
90 13 3.35211 1.53733 646.235 46.0186 86.8 5 8 241.495 305.835 0.427036 
90 5 3.99615 4.23267 1823.46 315.239 56.4 5 8 843.507 898.981 1.17574 
91 1 3.68444 5.74479 1193.86 272.766 71.4 1 8 763.675 765.019 1.59578 
91 2 3.85436 2.95232 825.356 275.457 82.9 2 8 341.526 341.74 0.820089 
91 3 4.07111 3.45298 1407.12 269.372 96.4 3 8 341.526 351.451 0.959161 
91 6 3.26421 3.15253 1581.86 260.964 96.2 4 8 324 325.014 0.875703 
91 7 3.12476 3.20697 473.446 300.912 129.8 5 8 216 216.565 0.890825 
91 10 2.73819 3.28868 1568.08 58.9918 54.9 5 8 550.694 566.942 0.913523 
91 13 3.11986 1.14379 645.773 46.7758 85.9 5 8 108 139.865 0.317721 
91 5 3.88993 2.4716 1820.58 311.794 55 5 8 540 561.425 0.686555 
92 1 3.64794 4.94071 1199.28 274.703 69.5 1 8 683.052 711.85 1.37242 
92 2 3.82823 1.96732 827.376 275.936 81.9 2 8 216 242.343 0.546479 
92 3 4.16156 4.61871 1411.9 268.063 97.2 3 8 445.295 454.23 1.28297 
92 6 3.30499 3.15688 1584.65 260.993 96.4 4 8 324 324.254 0.876911 
92 7 3.17581 3.29126 475.537 301.66 130.2 5 8 241.495 245.301 0.91424 
92 10 2.81252 4.41788 1561.83 59.7638 54.2 5 8 763.675 766.886 1.22719 
92 13 3.02094 2.489 643.025 48.643 83.5 5 8 305.47 403.603 0.691388 
92 5 3.68967 6.80168 1810.99 311.542 50.3 5 8 1080 1191.33 1.88935 
93 1 3.58999 1.82214 1201.97 275.378 67.9 1 8 241.495 298.061 0.506151 
93 2 3.92143 7.79907 835.792 278.074 82.3 2 8 922.752 923.489 2.16641 
93 3 4.32999 7.14214 1417.89 266.953 99.3 3 8 683.052 720.205 1.98393 
93 6 3.3317 2.21884 1586.9 261.003 96.4 4 8 241.495 241.533 0.616344 
93 7 3.08022 1.85814 475.638 302.232 123.9 5 8 108 682.059 0.516149 
93 10 2.79682 2.56886 1557.34 60.9876 53.3 5 8 445.295 457.693 0.713573 
93 13 3.14827 4.34785 639.841 49.6509 83.8 5 8 445.295 446.213 1.20774 
93 5 3.59632 2.64612 1806.89 309.25 48.7 5 8 482.991 514.627 0.735034 
94 1 3.698 5.59997 1208.6 277.556 68.9 1 8 786.252 794.004 1.55555 
94 2 3.90904 2.86554 838.546 278.475 81.4 2 8 324 337.599 0.795983 
94 3 4.53221 7.30616 1423.08 265.255 102.1 3 8 656.938 724.568 2.02949 
94 6 3.36957 3.16069 1589.65 261.007 96.5 4 8 324 324.059 0.87797 
94 7 3.24471 6.51115 479.164 302.749 128.4 5 8 432 647.003 1.80865 
94 10 2.90696 5.52587 1548.28 62.3899 52.4 5 8 995.711 1000.39 1.53496 
94 13 3.40115 6.48827 645.318 49.994 83.2 5 8 648 651.027 1.8023 
94 5 3.61607 2.68071 1808.49 301.994 49.8 5 8 890.591 899.207 0.744641 
95 1 3.84681 8.88476 1219.42 278.659 70.5 1 8 1192.9 1204.85 2.46799 
95 2 3.90337 4.69693 843.888 278.908 81 2 8 540 541.301 1.3047 
95 3 4.44753 4.78566 1427.75 265.34 99.7 3 8 432 506.402 1.32935 
95 6 3.36781 1.06379 1590.79 261.007 96.8 4 8 108 113.116 0.295497 
95 7 3.3262 3.78568 481.902 305.221 129.9 5 8 389.4 423.971 1.05158 
95 10 2.88403 2.46929 1544.59 63.5399 51.6 5 8 445.295 452.724 0.685913 
95 13 3.29391 2.36432 647.894 51.3778 81.5 5 8 305.47 357.463 0.656755 
95 5 3.48071 5.53647 1799.46 301.843 46.4 5 8 972 1041.86 1.53791 
96 1 3.69559 2.20914 1221.71 278.672 67.5 1 9 216 386.2 0.61365 
96 2 3.87093 6.71369 850.032 282.365 79.1 2 9 870.724 895.493 1.86491 
96 3 4.55181 6.11998 1432.75 263.756 101.5 3 9 581.598 612.697 1.69999 
96 6 3.36553 1.28525 1591.38 260.346 97.3 4 9 152.735 161.18 0.357013 
96 7 3.36571 5.12374 484.516 307.43 131.2 5 9 389.4 412.623 1.42326 
96 10 2.93091 4.181 1537.62 64.5908 51.1 5 9 763.675 765.977 1.16139 
96 13 3.19436 2.40121 645.53 53.486 79.2 5 9 305.47 388.69 0.667003 
96 5 3.40492 5.7395 1789.12 303.403 43 5 9 1101.39 1161.4 1.5943 
97 1 3.80685 7.3032 1230.59 281.601 69.5 1 9 1024.58 1047.12 2.02867 
97 2 3.89099 2.8127 853.259 283.269 79.8 2 9 341.526 349.631 0.781306 
97 3 4.57733 3.66058 1435.75 262.536 102.1 3 9 341.526 347.944 1.01683 
97 6 3.40738 1.64593 1592.45 259.436 100 4 9 152.735 338.701 0.457203 
97 7 3.49656 2.56675 485.621 309.21 136.7 5 9 241.495 637.542 0.712985 
97 10 2.9332 2.97897 1532.55 65.2807 50.9 5 9 550.694 551.128 0.82749 
97 13 3.05587 1.49497 644.705 55.552 77.3 5 9 241.495 321.053 0.41527 
97 5 3.38379 3.6047 1782.97 301.85 41.5 5 9 786.252 802.748 1.0013 
98 1 3.9546 4.39608 1235.66 283.34 72.2 1 9 581.598 648.499 1.22113 
98 2 4.18803 9.11959 862.619 286.89 84.8 2 9 1024.58 1157.07 2.53322 
98 3 4.63102 6.10784 1440.4 261.127 103.1 3 9 550.694 561.461 1.69662 
98 6 3.57027 5.84881 1587.51 258.76 103.5 4 9 550.694 665.428 1.62467 
98 7 3.61267 5.6174 488.551 311.501 140.8 5 9 389.4 597.409 1.56039 
98 10 2.91238 2.38831 1528.3 66.1528 50.5 5 9 445.295 446.743 0.663419 
98 13 2.94717 1.10935 643.036 56.6448 76.8 5 9 152.735 162.321 0.308152 
98 5 3.42008 2.8771 1777.81 295.206 42 6 9 843.507 845.402 0.799194 
99 1 4.00213 7.46635 1244.04 285.271 72.7 1 8 995.711 997.481 2.07399 
99 2 4.14032 3.0876 865.915 288.163 83.4 2 8 389.4 416.419 0.857667 
99 3 4.56789 3.66675 1443.38 260.313 102.4 3 8 341.526 351.256 1.01854 
99 7 3.66583 5.54982 491.326 313.301 141.2 4 8 389.4 390.856 1.54162 
99 10 2.95714 4.13478 1521.86 66.7745 50.5 4 8 756 756.045 1.14855 
99 13 2.80806 0.48435 643.503 57.989 75.9 4 8 108 140.575 0.134542 
99 5 3.49858 5.70877 1766.89 288.4 42.9 5 8 1408.15 1411.67 1.58577 
100 1 3.95554 4.179 1249.74 287.601 72 1 8 581.598 587.582 1.16083 
100 2 4.20689 7.847 873.317 291.596 84.4 2 8 922.752 928.669 2.17972 
100 3 4.47903 3.64013 1446.89 259.057 100.7 3 8 341.526 383.357 1.01115 
100 7 3.7968 5.57741 494.332 314.914 143.6 4 8 341.526 433.894 1.54928 
100 10 2.92133 1.79735 1518.92 67.2992 50.4 4 8 341.526 341.557 0.499265 
100 13 2.82642 3.18314 646.237 59.1132 75.2 4 8 389.4 396.207 0.884205 
100 5 3.52487 5.39026 1755.18 284.911 42.7 5 8 1264.11 1264.39 1.49729 
101 1 3.92436 4.05627 1254.03 288.736 70.9 1 8 550.694 562.545 1.12674 
101 2 4.47632 8.55829 881.356 294.487 89.6 2 8 922.752 1082.87 2.3773 
101 3 4.44741 3.70369 1449.32 257.966 100.1 3 8 389.4 396.365 1.0288 
101 7 3.87198 3.91895 496.764 315.123 147.1 4 8 241.495 441.375 1.0886 
101 10 2.87054 1.19255 1516.34 67.4631 50.5 4 8 216 216.481 0.331265 
101 13 2.75689 1.22053 647.69 61.1142 75.1 4 8 241.495 242.233 0.339036 
101 5 3.51764 10.6031 1732.88 285.031 40.2 5 8 2486.35 2500.61 2.94531 
102 1 3.98864 3.39956 1258.89 290.097 71.9 1 8 482.991 494.834 0.944322 
102 2 4.36523 3.13116 884.5 295.442 87.6 2 8 341.526 404.343 0.869768 
102 3 4.40222 2.40736 1451.98 256.938 99.7 3 8 241.495 244.973 0.668711 
102 7 4.03604 4.11514 498.587 315.14 152.5 4 8 216 626.379 1.1431 
102 10 2.85 2.4008 1512.45 68.4657 50.1 4 8 445.295 448.379 0.666888 
102 13 2.67351 1.34505 646.936 63.4621 73.7 4 8 241.495 284.734 0.373624 
102 5 3.49878 6.2618 1718.54 284.148 38.3 5 8 1515.85 1529.42 1.73939 
102 14 0 0 1848.82 112.2 65.8 6 8 0 0 0 
103 1 3.99273 5.67237 1265.31 291.206 71.9 1 8 763.675 763.68 1.57566 
103 2 4.29557 6.07051 890.333 298.771 85.5 2 8 724.486 759.389 1.68625 
103 3 4.39878 3.54879 1454.23 255.933 99.6 3 8 341.526 341.601 0.985775 
103 7 4.11309 0.962684 498.817 316.435 155.5 4 8 108 337.764 0.267412 
103 10 2.77567 0.286667 1512.36 69.7936 50.2 4 8 108 108.636 0.0796296 
103 13 2.631 1.21275 645.152 65.6143 73.8 4 8 241.495 241.959 0.336876 
103 5 3.50278 3.29146 1711.16 280.666 39.1 5 8 870.724 874.535 0.914295 
103 14 1.43637 1.43637 1849.37 108.591 65.9 5 8 445.295 445.371 0.398992 
104 1 3.89895 2.52981 1268.78 291.893 70.2 1 8 324 375.842 0.702726 
104 2 4.41821 4.2752 894.869 300.93 88.3 2 8 482.991 567.207 1.18756 
104 3 4.3894 4.68337 1458.61 254.936 99.2 3 8 445.295 447.352 1.30094 
104 7 4.13707 4.12288 500.155 317.872 155.6 4 8 241.495 242.171 1.14525 
104 10 2.71295 0.848693 1511.51 71.5759 49.8 4 8 241.495 245.012 0.235748 
104 13 2.60371 1.39952 644.384 68.0179 74.1 5 8 341.526 342.566 0.388754 
104 5 3.48325 1.59118 1708.59 277.76 39.5 6 8 458.205 460.737 0.441995 
104 14 2.67016 3.96893 1845.13 104.26 62.9 6 8 610.94 693.387 1.10248 
105 1 3.9588 5.61119 1275.56 292.435 71 1 8 763.675 769.494 1.55866 
105 2 4.31552 4.54082 898.004 304.01 86.3 2 8 610.94 647.695 1.26134 
105 3 4.44445 13.8448 1470.64 251.96 98.1 3 8 1335.89 1340.93 3.84578 
105 7 4.14218 0.710689 500.085 318.361 156.1 4 8 108 118.36 0.197414 
105 10 2.71333 2.03388 1508.07 73.8534 50.9 5 8 389.4 406.525 0.564968 
105 13 2.67182 4.28747 640.496 68.5741 73 5 8 432 446.736 1.19096 
105 5 3.46106 9.41057 1686.03 280.427 36.4 6 8 2397.99 2420.95 2.61405 
105 14 2.07728 0.885518 1844.77 104.078 63.2 6 8 108 112.671 0.245977 
106 1 3.85172 3.2862 1279.24 293.241 69.1 1 8 445.295 490.875 0.912834 
106 2 4.42781 4.15093 902.219 304.722 89.1 2 8 432 531.532 1.15304 
106 3 4.53876 10.3917 1461.21 250.22 98.6 3 8 977.982 979.459 2.88657 
106 7 4.10248 2.21239 501.6 319.827 153.5 4 8 152.735 319.138 0.614552 
106 10 2.73358 3.10123 1503.65 75.3444 51.3 5 8 581.598 583.895 0.861453 
106 13 2.57983 0.518637 640.152 67.7779 72 5 8 108 154.501 0.144066 
106 5 3.443 2.34379 1681.69 276.269 37 6 8 691.537 694.118 0.651054 
106 14 2.36679 3.07367 1847.34 101.672 65.7 6 8 458.205 530.699 0.853797 
107 1 3.79504 2.3638 1282.55 293.177 68 1 7 324 346.147 0.656611 
107 2 4.27811 1.26935 903.242 304.524 87.2 2 7 108 238.949 0.352597 
107 7 4.20836 6.3424 504.106 321.983 155.1 3 7 389.4 427.851 1.76178 
107 10 2.6898 0.702076 1503.48 77.8423 51.9 4 7 216 225.264 0.195021 
107 13 2.55227 2.2029 642.27 68.7025 70.7 4 7 241.495 278.565 0.611916 
107 5 3.51311 12.0545 1651.86 272.396 36.3 5 7 3268.67 3269.44 3.34847 
107 14 2.0338 0.688012 1847.23 99.5296 66.4 5 7 216 230.361 0.191114 
108 1 3.71754 6.03268 1290.03 294.092 66 1 7 870.724 897.451 1.67574 
108 2 4.11438 2.96942 906.38 304.743 85.2 2 7 324 389.935 0.824838 
108 7 4.07054 4.4819 506.078 323.749 147.7 3 7 305.47 863.047 1.24497 
108 10 2.64773 1.06032 1502.55 80.7243 52.1 4 7 341.526 341.764 0.294534 
108 13 2.47054 1.23864 642.163 71.2693 68.5 4 7 324 400.476 0.344067 
108 5 3.55493 8.47902 1630.69 267.734 36.3 5 7 2331.4 2331.4 2.35528 
108 14 1.98871 1.84511 1845.71 97.4846 66.2 5 7 305.47 306.292 0.512531 
109 1 3.75747 4.50722 1296.38 295.383 66.6 1 7 656.938 660.11 1.252 
109 2 4.20318 3.9945 910.317 304.765 87.4 2 7 432 495.253 1.10958 
109 7 4.06407 4.173 508.124 325.35 147.5 3 7 305.47 306.081 1.15917 
109 10 2.63913 1.70284 1503.12 85.0641 52.9 4 7 550.694 558.872 0.47301 
109 13 2.51456 3.24968 645.117 74.1486 68.6 4 7 458.205 458.248 0.902688 
109 5 3.59444 6.46009 1614.93 265.06 36.6 5 7 1741.45 1741.78 1.79447 
109 14 1.85472 1.01924 1844.98 96.521 67.1 5 7 152.735 179.482 0.283122 
110 1 4.0341 8.31192 1306.57 298.471 70.8 1 7 1127.55 1214.64 2.30887 
110 2 4.04653 1.41437 911.936 305.026 85.3 2 7 152.735 272.436 0.392881 
110 7 4.36915 3.38386 509.388 326.245 159.7 3 7 152.735 1326.68 0.939962 
110 10 2.72319 2.89873 1504.51 90.3046 56.6 4 7 550.694 678.695 0.805203 
110 13 2.79926 6.40514 650.794 81.6876 74 5 7 929.051 1098.67 1.77921 
110 5 3.57304 3.24895 1606.93 264.153 35.8 6 7 870.724 875.021 0.902487 
110 14 2.1177 4.50325 1839.42 93.4899 63.7 6 7 629.743 725.86 1.2509 
111 1 4.50672 11.3083 1318.2 302.296 78.6 1 7 1366.1 1607.01 3.14121 
111 2 4.05535 5.76342 917.892 307.411 84.9 2 7 683.052 684.508 1.60095 
111 7 4.63126 4.86067 511.673 325.488 167.7 3 7 241.495 903.346 1.35019 
111 10 2.72922 1.5963 1505.83 93.5401 58.3 4 7 341.526 387.505 0.443416 
111 13 2.957 2.88361 651.625 87.2575 79.1 5 7 656.938 854.692 0.801004 
111 5 3.5983 6.9894 1588.88 261.92 35.1 6 7 1970.82 1972.39 1.9415 
111 14 2.42714 5.70913 1832.26 92.8356 59.6 6 7 763.675 882.964 1.58587 
112 1 4.69086 8.20641 1327.46 303.616 81.1 1 7 977.982 1014.41 2.27956 
112 2 3.97075 1.41014 918.298 306.926 82.8 2 7 152.735 273.625 0.391706 
112 7 5.05776 3.81147 512.364 326.861 183.3 3 7 152.735 1685.1 1.05874 
112 10 2.78203 3.20409 1501.4 96.3098 60.3 4 7 540 579.999 0.890024 
112 13 2.93404 1.39285 650.488 89.2226 79.6 5 7 241.495 249.056 0.386902 
112 5 3.63559 2.40168 1584.25 258.206 36.8 6 7 540 568.694 0.667133 
112 14 2.62534 5.23869 1825.4 91.3278 56.3 6 7 763.675 844.323 1.45519 
113 1 4.79217 8.43444 1336.34 306.779 82.7 1 7 1024.58 1038.21 2.3429 
113 2 4.24873 5.72502 923.53 309.344 88.6 2 7 629.743 887.431 1.59028 
113 7 4.88106 3.05634 513.009 328.339 177.4 3 7 241.495 678.231 0.848983 
113 10 2.79272 3.5437 1496.39 98.2262 60.2 4 7 581.598 581.682 0.984362 
113 13 2.85184 1.39171 649.1 90.8677 78 5 7 152.735 232.245 0.386585 
113 5 3.74646 4.45478 1578.65 250.498 39.8 6 7 1080 1129.59 1.23744 
113 14 2.80575 5.51862 1817.44 91.1672 53.1 6 7 864 930.244 1.53295 
114 1 4.632 2.12339 1338.74 307.484 80.4 1 7 241.495 346.192 0.589831 
114 2 4.29329 6.07655 929.655 311.225 89.6 2 7 683.052 692.358 1.68793 
114 7 5.05604 5.19779 515.116 329.169 183.3 3 7 241.495 682.805 1.44383 
114 10 2.89844 8.87147 1483.99 99.8436 59 4 7 1408.15 1414.27 2.4643 
114 13 2.74373 1.82215 648.3 92.7255 74.7 5 7 241.495 430.396 0.506152 
114 5 3.78172 3.90148 1570.34 245.035 40.6 6 7 1018.87 1022.4 1.08375 
114 14 2.96955 5.79494 1808.27 90.5129 49.8 6 7 977.982 1039.35 1.60971 
115 1 4.57173 6.14466 1345.71 306.676 78.4 1 7 763.675 791.032 1.70685 
115 2 4.39611 3.14551 932.919 311.852 91.8 2 7 324 397.025 0.873754 
115 7 4.72507 3.83756 515.693 333.135 169.9 3 7 432 1510.62 1.06599 
115 10 2.87794 2.90366 1479.1 102.365 58.3 4 7 540 544.846 0.806572 
115 13 2.71469 0.865735 648.171 95.311 75.2 5 7 324 327.97 0.240482 
115 5 3.81275 8.27357 1551.52 242.568 40 6 7 2077.42 2078.28 2.29821 
115 14 2.96641 3.77863 1802.21 90.6463 47.4 6 7 648 697.337 1.04962 
116 1 4.59436 6.04852 1352.32 305.984 78.1 1 8 763.675 764.604 1.68015 
116 2 4.35613 4.06984 936.989 312.7 90.2 2 8 445.295 476.226 1.13051 
116 7 4.62797 4.74484 517.098 334.864 168.3 3 8 241.495 298.168 1.31801 
116 10 2.88291 4.12308 1473.19 105.551 57.5 4 8 724.486 728.98 1.1453 
116 13 2.71708 2.42089 646.216 96.8745 75 5 8 241.495 242.476 0.672469 
116 5 3.8699 9.55864 1529.37 238.752 40 6 8 2414.95 2414.95 2.65518 
116 14 3.31078 9.10031 1786.73 95.3405 42.1 6 8 1810.41 1898.9 2.52786 
117 1 4.52452 2.7999 1355.07 307.343 77.2 1 8 389.4 402.06 0.77775 
117 2 4.02022 3.36688 936.643 312.303 82.4 2 8 0 837.272 0.935245 
117 7 4.66921 4.97767 519.386 336.456 170.2 3 8 305.47 366.643 1.38269 
117 10 2.80344 1.89215 1471.83 106.984 55.4 4 8 241.495 330.578 0.525598 
117 13 2.6805 3.71305 643.022 95.4271 71.9 5 8 341.526 480.063 1.0314 
117 5 3.87965 6.38158 1514.68 237.841 39.5 6 8 1623.6 1624.75 1.77266 
117 14 3.36321 4.69363 1777.28 96.1513 39.6 6 8 977.982 1015.07 1.30379 
117 6 3.45277 4.15357 1662.85 258.943 95.7 7 8 426.316 428.593 1.15377 
118 1 4.38567 2.72169 1358.44 307.476 74.8 1 8 324 414.074 0.756024 
118 2 4.0659 3.84567 940.916 313.436 84.4 2 8 445.295 491.115 1.06824 
118 7 4.80786 4.97867 521.407 337.991 173.7 3 8 241.495 451.97 1.38296 
118 10 2.79624 2.04761 1468.2 108.762 55.8 4 8 389.4 391.633 0.568782 
118 13 2.6025 0.570774 643.859 95.4787 70.4 5 8 0 156.375 0.158548 
118 5 3.85261 6.65582 1498.27 236.958 38.1 6 8 1731.37 1737.55 1.84884 
118 14 3.52168 6.27441 1764.13 99.387 36.5 6 8 1440.9 1480.45 1.74289 
118 6 3.59055 5.53612 1667.11 258.644 98.8 7 8 540 634.05 1.53781 
119 1 4.2945 1.85171 1360.74 306.509 73.2 1 8 241.495 293.263 0.514363 
119 2 4.18576 4.82063 945.736 314.157 86.1 2 8 550.694 580.172 1.33906 
119 7 4.87769 2.60754 522.941 338.508 175.6 3 8 152.735 255.941 0.724316 
119 10 2.76856 2.66922 1464.94 110.331 54.9 4 8 482.991 493.102 0.741451 
119 13 2.77636 7.19946 649.836 98.9779 72.1 5 8 724.486 747.168 1.99985 
119 5 3.82926 6.45283 1482.34 235.397 36.4 6 8 1731.37 1741.58 1.79245 
119 14 3.71088 6.63397 1749.12 103.192 33.4 6 8 1676.61 1708.97 1.84277 
119 6 3.40696 2.36276 1666.38 259.537 93.5 7 8 152.735 592.266 0.656321 
120 1 4.34778 7.41385 1369.19 309.713 73.2 1 8 1024.58 1024.58 2.0594 
120 2 4.15543 1.1218 946.79 313.383 85.9 2 8 152.735 153.328 0.311612 
120 7 5.1459 7.93702 525.128 337.653 183.4 3 8 341.526 903.029 2.20473 
120 10 2.82775 5.74347 1455.25 113.811 54.9 4 8 1024.58 1024.58 1.59541 
120 13 3.07066 4.29688 650.132 108.812 80.4 5 8 1085.39 1404.96 1.19358 
120 5 3.83907 5.03286 1469.68 234.566 36.1 6 8 1408.15 1408.46 1.39802 
120 14 3.66936 2.85994 1742.29 103.45 32.3 6 8 756 766.184 0.794427 
120 6 3.34926 3.06226 1669.37 259.537 92.8 7 8 324 334.525 0.850626 
121 1 4.44132 8.18565 1379.75 310.248 74.2 1 7 1085.39 1090.31 2.27379 
121 2 4.22322 7.79678 954.107 315.056 87.3 2 7 890.591 903.522 2.16577 
121 10 2.93091 8.1719 1442.37 114.715 54.8 3 7 1408.15 1408.2 2.26997 
121 13 3.19551 3.41014 652.923 113.873 84.1 4 7 581.598 709.702 0.947262 
121 5 3.85152 7.55704 1449.77 234.369 35 5 7 2160 2163.58 2.09918 
121 14 3.56437 1.64067 1738.04 101.318 31.6 5 7 482.991 487.619 0.455743 
121 6 3.35104 4.05512 1673.05 259.533 92.5 6 7 432 432.592 1.12642 
122 1 4.64124 7.87177 1388.08 310.738 77.8 1 8 972 1048.79 2.1866 
122 2 4.35276 5.03522 959.926 316.987 89.6 2 8 550.694 600.711 1.39867 
122 10 3.04324 8.22134 1429.82 114.974 55 3 8 1404 1404.26 2.28371 
122 13 3.16354 1.85835 653.838 117.267 84.1 4 8 445.295 445.296 0.516208 
122 5 3.92265 3.88052 1440.46 232.726 36.6 5 8 995.711 1011.06 1.07792 
122 14 3.55133 3.05597 1730.33 101.111 30.5 5 8 864 872.97 0.84888 
122 6 3.37899 4.12106 1677.07 259.201 93.6 6 8 432 446.981 1.14474 
122 7 4.87164 3.86073 522.457 339.175 172.8 7 8 194.7 604.038 1.07242 
123 1 4.63964 5.21089 1394.33 312.225 77.3 1 8 683.052 685.007 1.44747 
123 2 4.12594 7.85568 967.355 318.001 83.6 2 8 890.591 1097.6 2.18213 
123 10 3.11186 5.75392 1420.74 114.331 55.5 3 8 972 972.993 1.59831 
123 13 3.09089 2.83606 651.667 117.733 81.7 4 8 216 341.892 0.787794 
123 5 3.97521 3.63361 1432.28 228.184 37.8 5 8 965.981 974.724 1.00934 
123 14 3.4973 2.22203 1724.43 100.069 29.7 5 8 656.938 662.625 0.617232 
123 6 3.39154 2.07683 1679.24 259.072 94.2 6 8 216 225.45 0.576896 
123 7 4.66553 5.042 520.661 340.7 163.2 7 8 241.495 1065.69 1.40056 
124 1 4.61129 3.37716 1398.18 312.734 77 1 8 432 433.863 0.938099 
124 2 4.15771 3.80725 971.368 319.006 84.9 2 8 445.295 465.305 1.05757 
124 10 3.26038 5.68361 1412.32 116.327 58.2 3 8 890.591 939.101 1.57878 
124 13 2.99836 1.57189 650.22 118.484 79.4 4 8 152.735 292.001 0.436635 
124 5 4.0038 6.48137 1416 226.953 37.9 5 8 1741.45 1741.47 1.80038 
124 14 3.34791 0.463523 1724.75 98.6959 29.9 5 8 216 217.015 0.128756 
124 6 3.38749 2.07941 1681.38 259.023 94.6 6 8 216 220.166 0.577614 
124 7 4.64683 1.35073 520.351 342.215 161.8 7 8 216 260.5 0.375202 
125 1 4.76172 6.36623 1405.37 313.219 80.4 1 7 763.675 848.002 1.7684 
125 2 4.24051 6.73486 978.517 321.002 86.1 2 7 786.252 797.207 1.87079 
125 10 3.30933 3.55562 1407.45 118.007 59.3 3 7 581.598 592.405 0.987671 
125 13 2.8521 2.21106 649.282 117.37 74.4 4 7 152.735 556.432 0.614184 
125 5 4.04487 6.88124 1399.03 224.905 37.9 5 7 1848.66 1848.67 1.91146 
125 14 3.31396 2.42023 1717.42 97.8343 29.2 5 7 763.675 767.234 0.672286 
125 6 3.35894 2.07571 1683.57 259.335 94 6 7 216 226.13 0.576586 
126 1 4.78736 6.16653 1412.76 313.69 80.6 1 8 756 756.339 1.71292 
126 2 4.28642 4.8105 983.235 322.041 87 2 8 550.694 558.626 1.33625 
126 10 3.34726 1.35377 1406.15 119.901 61.1 3 8 152.735 252.605 0.376046 
126 13 2.96055 3.12779 647.291 122.668 77.2 4 8 581.598 653.104 0.86883 
126 5 4.07615 6.09511 1384.22 223.567 38.2 5 8 1623.6 1623.86 1.69309 
126 14 3.52791 8.21252 1691.93 97.1905 28.5 5 8 2808 2809.14 2.28126 
126 6 3.40328 3.12902 1686.86 259.124 94.7 6 8 324 333.215 0.869171 
126 3 5.53797 6.16853 1550.57 225.48 118.4 7 8 499.201 510.533 1.71348 
127 1 4.85968 7.98925 1421.58 314.168 81.1 1 8 977.982 979.392 2.21924 
127 2 4.30558 2.89052 986.391 322.717 87.7 2 8 324 334.339 0.802923 
127 10 3.38064 2.52013 1403.38 122.211 62.3 3 8 458.205 476.428 0.700037 
127 13 3.12473 5.72845 651.61 126.991 80.3 4 8 610.94 700.144 1.59124 
127 5 4.0674 8.6829 1362.29 222.829 36.7 5 8 2378.45 2383.89 2.41192 
127 14 3.62365 5.8775 1672.92 97.2787 27.9 5 8 2052 2052.77 1.63264 
127 6 3.41511 2.10235 1688.86 259.042 95.3 6 8 216 224.399 0.583987 
127 3 4.85818 7.38438 1546.67 228.929 103.1 7 8 540 1738.24 2.05122 
128 1 4.88657 5.33606 1427.06 313.638 81.1 1 8 656.938 656.946 1.48224 
128 2 4.29383 2.08493 988.588 323.258 88.8 2 8 241.495 266.731 0.579148 
128 10 3.47981 3.4038 1399.41 124.671 64.9 3 8 482.991 554.566 0.9455 
128 13 3.08886 1.15328 651.912 130.186 80.4 4 8 432 432.04 0.320355 
128 5 4.10123 5.12654 1349.81 224.581 36.9 5 8 1420.52 1420.64 1.42404 
128 14 3.59654 3.09595 1662.55 95.696 28 5 8 1101.39 1101.4 0.859986 
128 6 3.48991 4.38189 1692.21 259.011 97.7 6 8 432 505.723 1.21719 
128 3 4.70973 1.35293 1547.12 228.076 101.2 7 8 108 237.87 0.375814 
129 1 4.79153 2.68832 1430.84 313.415 79.5 1 8 324 362.578 0.746754 
129 2 4.47565 2.44369 989.508 324.421 94.4 2 8 152.735 623.351 0.678803 
129 10 3.57985 4.8278 1393.37 126.852 66.8 3 8 683.052 713.882 1.34106 
129 13 3.11628 3.16055 653.789 135.254 81.2 4 8 581.598 588.331 0.877929 
129 5 4.09784 6.54727 1332.6 225.683 36 5 8 1839.17 1841.79 1.81869 
129 14 3.71711 6.99298 1639.33 94.7678 27.7 5 8 2486.35 2486.49 1.94249 
129 6 3.53071 5.42144 1697.3 259 98.6 6 8 540 548.629 1.50596 
129 3 4.62621 2.40072 1549.32 227.783 99.9 7 8 241.495 277.762 0.666865 
130 1 4.73048 4.3462 1435.34 314.971 78.3 1 8 550.694 567.378 1.20728 
130 2 4.36902 8.14463 997.478 326.167 91.2 2 8 890.591 954.553 2.2624 
130 10 3.65413 2.1855 1392.73 130.279 69.2 3 8 445.295 516.827 0.607084 
130 13 3.04423 2.84836 651.76 136.062 78.8 4 8 241.495 352.101 0.791212 
130 5 4.09075 5.28634 1318.72 224.817 35.2 5 8 1515.85 1517.9 1.46843 
130 14 3.75079 4.83982 1623.34 93.7745 27.7 5 8 1731.37 1731.39 1.34439 
130 6 3.54399 4.40374 1701.11 258.33 99 6 8 445.295 447.086 1.22326 
130 3 4.54839 1.1815 1550.92 227.037 98.9 7 8 108 152.976 0.328196 
131 1 5.05005 5.90373 1441.21 315.207 83.4 1 8 656.938 857.091 1.63993 
131 2 4.43651 2.32558 999.962 325.762 93.5 2 8 241.495 349.805 0.645994 
131 10 3.62994 0.866191 1392.35 132.803 69.8 3 8 216 225.907 0.240609 
131 13 3.06622 3.08725 649.965 141.521 79 4 8 581.598 581.881 0.857569 
131 5 4.12256 4.90804 1305.38 225.514 35.5 5 8 1408.15 1408.43 1.36334 
131 14 3.82817 5.7858 1605.67 90.1177 28.6 5 8 1970.82 1973.68 1.60717 
131 6 3.59567 4.4759 1705.03 257.749 100.2 6 8 445.295 464.313 1.24331 
131 3 4.40954 3.483 1553.86 226.118 96.1 7 8 341.526 455.423 0.967501 
132 1 4.85639 3.88039 1445.32 315.596 79.5 1 8 432 602.545 1.07789 
132 2 4.59734 4.5886 1003.51 326.561 97.8 2 8 445.295 644.047 1.27461 
132 10 3.64164 1.79576 1394 133.97 71 3 8 241.495 273.417 0.498821 
132 13 3.05794 1.62428 650.834 144.827 79.2 4 8 341.526 342.262 0.45119 
132 5 4.14542 5.5996 1290.13 225.834 35.2 5 8 1620 1620.4 1.55544 
132 14 3.81571 3.34875 1595.08 86.7348 29.2 5 8 1163.2 1164.58 0.930209 
132 6 3.60362 2.21828 1707.07 257.535 100.7 6 8 216 223.25 0.616189 
132 3 4.30728 2.34745 1555.45 225.469 94 7 8 241.495 329.46 0.65207 
133 1 5.01302 8.83144 1455.66 315.729 80.9 1 8 1080 1090.09 2.45318 
133 2 4.57247 1.29056 1004.95 327.149 97.9 2 8 152.735 152.804 0.358489 
133 10 3.69781 5.07397 1400.71 135.999 72.1 3 8 683.052 693.452 1.40944 
133 13 3.06665 2.91364 648.669 147.285 78.8 4 8 389.4 391.404 0.809344 
133 5 4.17008 4.85566 1277.29 225.657 35.2 5 8 1404 1404.02 1.34879 
133 14 3.82942 4.44321 1581.56 85.191 29.2 5 8 1515.85 1515.87 1.23422 
133 6 3.59687 3.31956 1710.33 257.461 100.8 6 8 324 324.252 0.9221 
133 3 4.15081 2.53875 1557.37 224.92 90.6 7 8 241.495 446.76 0.705209 
134 1 5.08331 5.37486 1461.82 315.415 82 1 8 648 659.04 1.49302 
134 2 4.54446 2.2546 1006.19 328.006 98.1 2 8 241.495 242.516 0.626278 
134 10 3.63346 1.31092 1400.86 138.008 71.7 3 8 324 326.841 0.364145 
134 13 3.07712 2.82163 650.045 148.767 78.8 4 8 241.495 241.502 0.783787 
134 5 4.18931 5.59091 1262.92 224.633 35.1 5 8 1623.6 1623.66 1.55303 
134 14 3.8085 3.22415 1571.84 83.3268 29.4 5 8 1101.39 1101.61 0.895596 
134 6 3.55204 2.22195 1712.81 257.106 99.8 6 8 216 243.102 0.617207 
134 3 4.04402 2.17549 1559.99 224.407 88.5 7 8 216 312.057 0.604302 
135 1 5.06176 2.73562 1464.43 314.942 81.5 1 8 341.526 344.967 0.759893 
135 2 4.45935 4.2642 1010.07 328.958 95.3 2 8 432 523.557 1.1845 
135 10 3.54961 1.27804 1399.88 140.011 70.8 3 8 241.495 262.379 0.355011 
135 13 3.0396 2.82456 652.524 149.877 77.4 4 8 241.495 284.365 0.784601 
135 5 4.21512 5.59648 1247.74 226.58 35 5 8 1634.34 1634.4 1.55458 
135 14 3.95889 9.67013 1540.89 85.0445 28.7 5 8 3354.96 3355.85 2.68615 
135 6 3.53591 3.3556 1715.73 256.979 99.6 6 8 341.526 342.463 0.93211 
135 3 3.9497 2.12781 1561.72 223.909 87.1 7 8 241.495 286.478 0.591058 
136 1 4.95764 4.41321 1469.55 314.755 79.6 1 8 540 578.481 1.22589 
136 2 4.38012 1.31097 1011.89 328.951 93.1 2 8 108 260.721 0.364159 
136 10 3.46671 1.29011 1398.61 142.011 69.7 3 8 241.495 266.309 0.358364 
136 13 3.0724 5.58071 656.055 152.823 76.9 4 8 540 542.91 1.5502 
136 5 4.24139 4.85462 1234.03 228.001 34.9 5 8 1420.52 1420.52 1.34851 
136 14 3.92278 2.57109 1532.88 83.0522 29 5 8 890.591 891.206 0.714192 
136 6 3.53168 4.36928 1720 256.277 99.4 6 8 432 432.18 1.21369 
136 3 3.89994 1.98774 1563.39 223.416 86.2 7 8 216 235.58 0.55215 
137 1 5.02264 5.25769 1475.96 314.677 80.4 1 8 648 653.77 1.46047 
137 2 4.67771 8.70082 1019.39 329.906 97.9 2 8 870.724 1011.21 2.41689 
137 10 3.40253 3.4307 1394.67 145.688 68.2 3 8 540 563.683 0.952971 
137 13 3.19627 5.90252 660.09 157.127 79.5 4 8 691.537 745.586 1.63959 
137 5 4.27685 4.51981 1222.08 227.9 35.3 5 8 1300.49 1301.14 1.2555 
137 14 3.95113 5.01807 1516.55 82.0047 29.1 5 8 1731.37 1731.39 1.39391 
137 6 3.50387 4.39488 1723.49 255.688 98.3 6 8 445.295 462.04 1.2208 
137 3 3.87355 2.92801 1566.42 223.574 85.6 7 8 324 330.227 0.813335 
138 1 4.71029 3.01761 1475.37 317.293 75.1 1 8 324 660.745 0.838225 
138 2 4.81797 8.80444 1027.39 331.58 99.7 2 8 890.591 911.972 2.44568 
138 10 3.33216 3.96825 1389.34 147.638 66.3 3 8 581.598 619.009 1.10229 
138 13 3.41275 7.74833 665.219 162.314 84.7 4 8 763.675 947.465 2.15231 
138 5 4.31379 5.68342 1207.03 229.86 35.5 5 8 1634.34 1634.45 1.57873 
138 14 3.97556 5.01121 1500.61 81.3238 29.1 5 8 1731.37 1731.37 1.392 
138 6 3.49451 3.30043 1726.57 254.816 97.8 6 8 341.526 346.615 0.916787 
138 3 3.85013 2.91472 1569.92 223.983 85.1 7 8 324 329.107 0.809645 
139 1 4.69058 3.32289 1479.09 316.959 75.1 1 8 445.295 445.32 0.923026 
139 2 4.6871 8.54835 1035.02 333.503 95.2 2 8 890.591 1013.91 2.37454 
139 10 3.31035 3.79337 1384.04 149.28 65.6 3 8 581.598 585.848 1.05371 
139 13 3.41081 3.13295 667.632 165.125 86 4 8 389.4 412.381 0.870264 
139 5 4.35571 4.64161 1195.85 228.95 36.1 5 8 1300.49 1302.17 1.28934 
139 14 3.98399 4.67871 1485.64 80.7776 29 5 8 1623.6 1623.62 1.29964 
139 6 3.46652 2.25144 1728.91 253.837 97.5 6 8 241.495 242.919 0.6254 
139 3 3.81343 2.91538 1572.51 223.509 84 7 8 324 345.335 0.809827 
140 1 4.5424 1.58249 1480.24 317.779 72.5 1 8 152.735 317.472 0.439581 
140 2 4.68156 0.476769 1035.02 333.524 96.5 2 8 0 140.631 0.132436 
140 10 3.31689 2.99359 1380.2 150.473 66 3 8 445.295 447.231 0.831553 
140 13 3.54712 5.08457 670.551 170.079 90.7 4 8 629.743 812.143 1.41238 
140 5 4.40389 3.268 1187.24 226.278 36.8 5 8 890.591 894.353 0.907778 
140 14 3.9845 4.63871 1470.47 80.614 28.8 5 8 1620 1620.15 1.28853 
140 6 3.46451 3.21122 1731.01 253.478 97.5 6 8 324 324.062 0.892006 
140 3 3.82175 5.75265 1578.19 223.342 83.8 7 8 648 648.243 1.59796 
141 1 4.53407 2.44162 1483.06 316.795 72.5 1 8 341.526 341.555 0.678229 
141 2 4.65656 1.30909 1036.94 334.144 97.3 2 8 152.735 171.368 0.363637 
141 10 3.26106 3.73 1375.77 151.163 64.4 3 8 550.694 576.383 1.03611 
141 13 3.62381 6.37063 674.037 174.144 93.4 4 8 610.94 678.435 1.76962 
141 5 4.44757 6.30476 1171.09 224.952 37 5 8 1741.45 1741.48 1.75132 
141 14 4.03818 5.62294 1452.48 79.255 29.1 5 8 1947 1947.24 1.56193 
141 6 3.45233 2.24654 1733.62 252.698 97.4 6 8 241.495 241.65 0.624039 
141 3 3.94514 6.00499 1584.01 222.319 86 7 8 656.938 699.434 1.66805 
142 1 4.48789 3.97036 1488.2 316.714 71.5 1 8 540 550.971 1.10288 
142 2 4.76287 3.42631 1039.14 334.342 100.2 2 8 324 453.227 0.951752 
142 10 3.19236 0.972939 1374.25 152.021 63.5 3 8 152.735 181.986 0.270261 
142 13 3.52981 1.04443 674.98 177.509 93.6 4 8 324 324.561 0.290118 
142 5 4.43576 6.94945 1153.66 225.477 36.1 5 8 1947 1949.14 1.9304 
142 14 4.05077 4.6759 1437.45 78.7843 29.1 5 8 1623.6 1623.6 1.29886 
142 6 3.41375 2.15555 1735.78 252.089 96.2 6 8 216 248.379 0.598763 
142 3 4.11011 5.40461 1589.88 220.293 89.4 7 8 581.598 686.329 1.50128 
143 1 4.66831 6.63782 1496.42 315.064 73.8 1 8 870.724 904.581 1.84384 
143 2 4.92758 1.58759 1039.86 334.375 104.9 2 8 0 507.227 0.440998 
143 10 3.19027 3.55456 1369.37 153.265 63.4 3 8 550.694 550.872 0.987376 
143 13 3.41572 2.05659 675.475 181.646 92.3 4 8 445.295 466.935 0.571274 
143 5 4.49358 4.29295 1142.66 225.684 36.6 5 8 1188 1189.1 1.19249 
143 14 3.98844 1.58015 1432.03 77.6418 29.2 5 8 550.694 550.766 0.43893 
143 6 3.37814 3.23142 1738.43 251.874 95.8 6 8 341.526 345.233 0.897618 
143 3 4.27202 6.67315 1595.07 217.548 92.4 7 8 724.486 796.195 1.85365 
144 1 4.59542 3.27468 1500.83 315.382 72.7 1 8 432 446.617 0.909632 
144 2 4.89905 3.49889 1042.02 335.028 104.2 2 8 341.526 349.906 0.971914 
144 10 3.19004 2.82905 1365.22 153.994 63.6 3 8 432 432.452 0.785847 
144 13 3.30323 2.91936 673.677 182.343 90.1 4 8 241.495 337.643 0.810933 
144 5 4.47493 5.78926 1127.33 227.443 35.9 5 8 1634.34 1635.9 1.60813 
144 14 4.0158 5.01164 1416.45 76.5828 29.3 5 8 1731.37 1731.43 1.39212 
144 6 3.32695 3.15475 1741.08 251.481 94.3 6 8 324 360.601 0.87632 
144 3 4.49878 7.00364 1601.7 215.886 97.2 7 8 683.052 856.124 1.94546 
145 1 4.58784 4.04968 1505.96 315.499 72.3 1 8 540 541.394 1.12491 
145 2 4.82536 4.52119 1046.28 335.91 101.8 2 8 432 501.408 1.25589 
145 10 3.12454 1.59106 1363.22 154.865 62.4 3 8 241.495 271.305 0.441961 
145 13 3.16202 1.68936 672.832 183.482 87.3 4 8 152.735 345.625 0.469267 
145 5 4.51488 5.39092 1113.37 227.448 36.2 5 8 1512 1512.29 1.49748 
145 14 4.07181 6.27688 1396.76 75.8919 29.4 5 8 2162.7 2162.73 1.74358 
145 6 3.34538 3.13011 1744.02 251.019 94.9 6 8 324 329.461 0.869475 
145 3 4.58809 5.71444 1606.52 214.634 98.9 7 8 550.694 579.469 1.58734 
146 1 5.03156 9.48166 1515.69 311.356 78.5 1 8 1163.2 1340.27 2.6338 
146 2 4.97826 9.31319 1054.84 336.546 105.3 2 8 870.724 948.552 2.587 
146 10 3.15169 5.54638 1355.75 155.47 62.3 3 8 870.724 870.78 1.54066 
146 13 3.01311 1.22939 672.822 184.463 83.9 4 8 108 378.205 0.341499 
146 5 4.56946 5.06873 1100.04 227.784 36.6 5 8 1404 1404.62 1.40798 
146 14 4.08992 4.13419 1383.62 74.6676 29.7 5 8 1408.15 1408.5 1.14839 
146 6 3.33757 2.18892 1746.21 250.2 94.9 6 8 241.495 241.599 0.608033 
146 3 4.64213 3.51869 1609.84 213.205 100.2 7 8 341.526 371.277 0.977415 
147 1 5.38049 9.74818 1525.32 307.356 82.8 1 8 1163.2 1250.5 2.70783 
147 2 4.82488 6.96654 1060.07 338.424 100.7 2 8 683.052 848.328 1.93515 
147 10 3.16731 6.84633 1345.13 156.961 61.4 3 8 1085.39 1089.53 1.90176 
147 13 2.86466 3.41454 674.616 189.333 78.9 4 8 581.598 795.069 0.948483 
147 5 4.60667 5.43415 1086.55 227.252 36.5 5 8 1512 1512.04 1.50949 
147 14 4.0796 4.0985 1370.51 74.2511 29.6 5 8 1404 1404.02 1.13847 
147 6 3.34397 2.19393 1748.37 249.908 95.1 6 8 241.495 242.231 0.609425 
147 3 4.59382 4.69555 1613.37 211.711 99.3 7 8 482.991 494.651 1.30432 
148 1 5.64437 9.88713 1535.66 304.893 85.6 1 8 1127.55 1167.67 2.74642 
148 2 4.69993 4.61037 1064.86 340.069 98.4 2 8 482.991 538.803 1.28066 
148 10 3.16762 5.4633 1337.9 158.46 60.7 3 8 890.591 894.552 1.51758 
148 13 2.76634 1.66827 673.212 189.172 75.8 4 8 108 349.199 0.46341 
148 5 4.67051 4.71075 1074.19 226.067 36.7 5 8 1300.49 1300.81 1.30854 
148 14 4.14483 6.65895 1349.42 73.4626 29.8 5 8 2270.57 2270.64 1.84971 
148 6 3.32374 2.09449 1750.52 249.155 95.3 6 8 216 217.432 0.581804 
148 3 4.54866 3.42697 1616.31 210.533 98.6 7 8 341.526 349.222 0.951937 
149 1 5.33614 2.25799 1535.67 306.35 81 1 8 216 536.908 0.627221 
149 2 4.88074 5.77063 1069.82 339.702 101.9 2 8 550.694 663.146 1.60295 
149 10 3.21531 2.89216 1333.24 159.634 62 3 8 445.295 469.035 0.803378 
149 13 2.75286 5.69176 678.882 191.589 73.4 4 8 581.598 636.829 1.58104 
149 5 4.6678 5.83667 1059.64 225.951 36.4 5 8 1623.6 1623.98 1.6213 
149 14 4.18916 5.43973 1332.66 72.5355 30.1 5 8 1839.17 1839.37 1.51104 
149 6 3.3568 3.23896 1753.57 248.888 95.9 6 8 341.526 346.814 0.899711 
149 3 4.40256 1.58808 1617.77 209.471 95.9 7 8 152.735 323.254 0.441134 
150 1 5.13909 1.67524 1535.5 307.202 77.6 1 8 108 388.765 0.465343 
150 2 5.19318 5.17495 1073.45 339.838 108 2 8 432 790.852 1.43749 
150 10 3.20399 4.8442 1326.9 161.013 61.2 3 8 786.252 791.283 1.34561 
150 13 2.74591 6.57825 684.25 191.8 70.7 4 8 648 710.897 1.82729 
150 5 4.70667 4.32451 1048.28 225.914 36.8 5 8 1188 1188.6 1.20125 
150 14 4.25675 6.75261 1311.62 71.8919 30.2 5 8 2270.57 2270.67 1.87573 
150 6 3.4544 3.40491 1756.89 248.145 98.6 6 8 324 439.932 0.94581 
150 3 4.33588 1.27174 1618.92 208.452 95.1 7 8 152.735 179.367 0.35326 
151 1 5.27754 5.76113 1541.12 304.679 79.7 1 9 724.486 760.706 1.60031 
151 2 5.193 1.20165 1074.98 339.178 108.3 2 9 108 114.198 0.333791 
151 10 3.22606 3.45651 1321.95 162.141 61.7 3 9 550.694 553.397 0.960142 
151 13 3.10964 13.7548 695.892 200.459 78.8 4 9 1534.97 1767.71 3.82077 
151 5 4.73293 5.196 1035.17 222.938 36.9 5 9 1440.9 1440.93 1.44333 
151 14 4.29996 4.90172 1296.38 70.6832 30.6 5 9 1623.6 1624.13 1.36159 
151 6 3.44838 2.18208 1758.94 248.218 98.9 6 9 216 218.455 0.606134 
151 3 4.28863 3.22222 1621.53 208.109 94.3 7 9 324 333.429 0.89506 
152 1 5.51837 7.90598 1549.76 301.068 82.8 1 9 922.752 981.39 2.19611 
152 2 5.38505 5.21195 1078.83 340.247 112.5 2 9 445.295 631.037 1.44776 
152 10 3.23016 4.11337 1315.07 163.504 61.5 3 9 656.938 657.225 1.1426 
152 13 3.50291 11.4035 703.39 207.197 89 4 9 1148.06 1593.62 3.16764 
152 5 4.69242 7.37831 1016.93 225.449 35.4 5 9 2077.42 2083.01 2.04953 
152 14 4.35443 4.98848 1281.49 69.2631 31.1 5 9 1623.6 1624.47 1.38569 
152 6 3.56308 5.72144 1763.11 247.598 101.6 6 9 550.694 621.576 1.58929 
152 3 4.18372 2.31288 1623.22 207.362 92.3 7 9 241.495 327.394 0.642467 
